          12           8
           6           7
          11           2
          11          12
           6          11
           6          10
           6          11
           6          11
           6           4
          11           4
          11           9
           6           7
           6           9
           6          10
           6          10
           6           8
          11           4
           6          10
          11           3
           6          10
          11           4
           6           6
           6           7
          11           7
           6          12
           6          11
           6           3
           6          12
           6           4
          11          11
          11          12
          11          10
           6           4
          11           7
          11          10
          11          11
           6          12
           6           3
          11           9
           6           5
           6           2
          11          12
          11           3
           6           4
          11           8
           6           5
           6          11
           6           7
          11          11
          11           3
           6           3
           6           3
           6           5
           6          11
           6          10
          11           3
           6           4
           6           8
           6          10
           6          11
          11           9
          11           4
           6           9
          11           5
           6           7
          11          11
           6           2
           6           7
           6           5
           7           3
          11           8
          11           2
           6           7
          11           2
           6           9
          11          11
          11           7
           6           9
          11          10
           6          10
           6           5
           6           2
          11           7
          11           4
          11           6
          11          10
           6           5
          11           5
          11           3
          11           8
           6          10
           6           4
          11           8
           6           4
           6           4
          11          11
          11           3
           6           4
          11           3
          11           6
           6           3
          11           6
           6          11
           6           9
           6          11
          11          11
           6           7
          11           5
          11           4
           6           9
          11          12
          11           2
          11           4
           6           7
           6          12
           6           4
           6          12
          11           7
          11           3
           6          10
           6           3
           6           9
           6          10
           6          10
           6           6
           6           4
           6           7
           6           9
           6           7
           6           8
           6          10
          11           7
          11           8
           6           8
          11           5
           6           8
          11          11
           6           8
          11           3
           6           3
           6          11
           6          11
           6           8
          11          12
          11           2
           6           4
          11           2
           6           6
          11           3
          11           6
           6          11
          10          12
           6           3
           6           4
           6           9
           6           7
           6          12
           6           2
           6           7
          11           7
          11          10
           6          11
          11           7
          11           9
           6           6
          11           8
           6          11
           6           4
          11           3
          11          12
           6           2
          11          11
           6           7
           6           3
           6           4
           6           4
           6          11
           6           2
           6           8
          11           4
           6           3
           6           3
           6          11
           6           3
          11           8
