         100   6.2307892971007521E-002   0.0000000000000000     
         200  0.25058182677864649        0.0000000000000000     
         300  0.49688918186422087        0.0000000000000000     
         400  0.62466364641807981        0.0000000000000000     
         500  0.83413194460858386        0.0000000000000000     
         600   1.0626969300306000        0.0000000000000000     
         700   1.3670475285706301        0.0000000000000000     
         800   1.4398395381361226        0.0000000000000000     
         900   1.4644186517107516        0.0000000000000000     
        1000   1.7198905414613954        0.0000000000000000     
        1100   2.0173315892875996        0.0000000000000000     
        1200   2.2599014183468573        0.0000000000000000     
        1300   2.5039917426021172        0.0000000000000000     
        1400   2.8017175328463644        0.0000000000000000     
        1500   2.9720429265131729        0.0000000000000000     
        1600   3.1130143242748454        0.0000000000000000     
        1700   3.1254407745070552        0.0000000000000000     
        1800   3.2304441389605132        0.0000000000000000     
        1900   3.3998037198414779        0.0000000000000000     
        2000   3.6941475038067373        0.0000000000000000     
        2100   3.9410701534296977        0.0000000000000000     
        2200   4.0464160121262189        0.0000000000000000     
        2300   4.2029452707219210        0.0000000000000000     
        2400   4.2842820526284573        0.0000000000000000     
        2500   4.3545624506633978        0.0000000000000000     
        2600   4.5566162271733868        0.0000000000000000     
        2700   4.7086444277068322        0.0000000000000000     
        2800   4.9021205650060233        0.0000000000000000     
        2900   5.1234693943213943        0.0000000000000000     
        3000   5.2974423762091067        0.0000000000000000     
        3100   5.3853063271395394        0.0000000000000000     
        3200   5.4577360381183082        0.0000000000000000     
        3300   5.5061348572078188        0.0000000000000000     
        3400   5.7058161462471197        0.0000000000000000     
        3500   5.9908643384723836        0.0000000000000000     
        3600   6.3109987106521928        0.0000000000000000     
        3700   6.4925706777485663        0.0000000000000000     
        3800   6.6191725819024905        0.0000000000000000     
        3900   6.7406343086857810        0.0000000000000000     
        4000   6.8270584541746402       0.33661226692300200     
        4100   6.9496369384300332        1.2041033773673384     
        4200   7.2541263721759215        3.1717563940373283     
        4300   7.4135960682537290        4.0493649746655622     
        4400   7.7481591177089237        6.0085450040710553     
        4500   8.1957358653172765        8.5564785613840098     
        4600   8.3781669444505766        9.5891064472571728     
        4700   8.3696387131342682        9.5536893987222733     
        4800   8.5760934695990283        9.5763085830795891     
        4900   8.7439668758882547        9.5763085830795891     
        5000   8.8886475428242324        9.5763085830795891     
