-1.922e-01
-1.922e-01
-1.922e-01
-1.922e-01
-1.922e-01
-1.922e-01
-1.922e-01
-1.922e-01
-1.922e-01
-1.922e-01
-1.922e-01
1.575e+00
1.594e+00
1.646e+00
1.727e+00
1.833e+00
1.961e+00
2.105e+00
2.262e+00
2.425e+00
2.588e+00
2.745e+00
2.887e+00
3.005e+00
3.091e+00
3.138e+00
3.139e+00
3.093e+00
2.998e+00
2.858e+00
2.679e+00
2.467e+00
2.232e+00
1.983e+00
1.727e+00
1.472e+00
1.223e+00
9.850e-01
7.608e-01
5.523e-01
3.603e-01
1.852e-01
2.650e-02
-1.165e-01
-2.449e-01
-3.597e-01
-4.624e-01
-5.542e-01
-6.362e-01
-7.099e-01
-7.762e-01
-8.363e-01
-8.912e-01
-9.417e-01
-9.887e-01
-1.033e+00
-1.075e+00
-1.115e+00
-1.155e+00
-1.194e+00
-1.232e+00
-1.271e+00
-1.310e+00
-1.350e+00
-1.390e+00
-1.431e+00
-1.473e+00
-1.516e+00
-1.560e+00
-1.604e+00
-1.649e+00
-1.694e+00
-1.739e+00
-1.784e+00
-1.828e+00
-1.871e+00
-1.912e+00
-1.951e+00
-1.988e+00
-2.021e+00
-2.050e+00
-2.074e+00
-2.094e+00
-2.109e+00
-2.118e+00
-2.121e+00
-2.118e+00
-2.109e+00
-2.094e+00
-2.073e+00
-2.047e+00
-2.016e+00
-1.980e+00
-1.941e+00
-1.899e+00
-1.854e+00
-1.807e+00
-1.759e+00
-1.711e+00
-1.663e+00
-1.616e+00
-1.570e+00
-1.526e+00
-1.484e+00
-1.445e+00
-1.408e+00
-1.375e+00
-1.344e+00
-1.317e+00
-1.293e+00
-1.272e+00
-1.255e+00
-1.241e+00
-1.231e+00
-1.223e+00
-1.220e+00
-1.219e+00
-1.222e+00
-1.228e+00
-1.237e+00
-1.249e+00
-1.265e+00
-1.283e+00
-1.304e+00
-1.327e+00
-1.354e+00
-1.383e+00
-1.415e+00
-1.449e+00
-1.486e+00
-1.524e+00
-1.565e+00
-1.607e+00
-1.651e+00
-1.695e+00
-1.741e+00
-1.786e+00
-1.832e+00
-1.877e+00
-1.921e+00
-1.962e+00
-2.002e+00
-2.038e+00
-2.070e+00
-2.099e+00
-2.122e+00
-2.139e+00
-2.151e+00
-2.156e+00
-2.155e+00
-2.147e+00
-2.132e+00
-2.111e+00
-2.084e+00
-2.052e+00
-2.015e+00
-1.973e+00
-1.928e+00
-1.880e+00
-1.829e+00
-1.778e+00
-1.726e+00
-1.674e+00
-1.622e+00
-1.572e+00
-1.524e+00
-1.478e+00
-1.435e+00
-1.395e+00
-1.358e+00
-1.324e+00
-1.294e+00
-1.267e+00
-1.244e+00
-1.225e+00
-1.209e+00
-1.196e+00
-1.188e+00
-1.182e+00
-1.180e+00
-1.182e+00
-1.187e+00
-1.195e+00
-1.206e+00
-1.221e+00
-1.238e+00
-1.259e+00
-1.282e+00
-1.309e+00
-1.338e+00
-1.370e+00
-1.405e+00
-1.442e+00
-1.482e+00
-1.524e+00
-1.568e+00
-1.614e+00
-1.661e+00
-1.709e+00
-1.758e+00
-1.807e+00
-1.857e+00
-1.905e+00
-1.952e+00
-1.996e+00
-2.038e+00
-2.076e+00
-2.110e+00
-2.139e+00
-2.162e+00
-2.179e+00
-2.190e+00
-2.193e+00
-2.189e+00
-2.178e+00
-2.159e+00
-2.134e+00
-2.102e+00
-2.064e+00
-2.021e+00
-1.974e+00
-1.923e+00
-1.870e+00
-1.814e+00
-1.758e+00
-1.701e+00
-1.645e+00
-1.590e+00
-1.537e+00
-1.486e+00
-1.438e+00
-1.393e+00
-1.351e+00
-1.313e+00
-1.278e+00
-1.247e+00
-1.220e+00
-1.197e+00
-1.178e+00
-1.162e+00
-1.150e+00
-1.142e+00
-1.138e+00
-1.137e+00
-1.139e+00
-1.145e+00
-1.154e+00
-1.167e+00
-1.183e+00
-1.202e+00
-1.224e+00
-1.249e+00
-1.277e+00
-1.309e+00
-1.343e+00
-1.380e+00
-1.419e+00
-1.462e+00
-1.506e+00
-1.553e+00
-1.602e+00
-1.653e+00
-1.705e+00
-1.758e+00
-1.811e+00
-1.864e+00
-1.917e+00
-1.968e+00
-2.017e+00
-2.062e+00
-2.105e+00
-2.142e+00
-2.174e+00
-2.200e+00
-2.219e+00
-2.230e+00
-2.234e+00
-2.230e+00
-2.218e+00
-2.197e+00
-2.170e+00
-2.135e+00
-2.093e+00
-2.046e+00
-1.994e+00
-1.938e+00
-1.879e+00
-1.818e+00
-1.757e+00
-1.695e+00
-1.634e+00
-1.574e+00
-1.517e+00
-1.462e+00
-1.410e+00
-1.361e+00
-1.316e+00
-1.275e+00
-1.239e+00
-1.206e+00
-1.177e+00
-1.152e+00
-1.131e+00
-1.115e+00
-1.102e+00
-1.093e+00
-1.088e+00
-1.086e+00
-1.088e+00
-1.094e+00
-1.103e+00
-1.115e+00
-1.131e+00
-1.150e+00
-1.172e+00
-1.198e+00
-1.227e+00
-1.259e+00
-1.293e+00
-1.331e+00
-1.372e+00
-1.416e+00
-1.463e+00
-1.512e+00
-1.564e+00
-1.617e+00
-1.672e+00
-1.729e+00
-1.787e+00
-1.845e+00
-1.902e+00
-1.959e+00
-2.014e+00
-2.066e+00
-2.115e+00
-2.159e+00
-2.198e+00
-2.230e+00
-2.255e+00
-2.272e+00
-2.281e+00
-2.281e+00
-2.271e+00
-2.253e+00
-2.226e+00
-2.191e+00
-2.148e+00
-2.099e+00
-2.043e+00
-1.983e+00
-1.920e+00
-1.854e+00
-1.786e+00
-1.718e+00
-1.651e+00
-1.585e+00
-1.521e+00
-1.460e+00
-1.403e+00
-1.349e+00
-1.298e+00
-1.252e+00
-1.211e+00
-1.173e+00
-1.140e+00
-1.112e+00
-1.087e+00
-1.067e+00
-1.052e+00
-1.040e+00
-1.032e+00
-1.028e+00
-1.027e+00
-1.031e+00
-1.037e+00
-1.048e+00
-1.062e+00
-1.079e+00
-1.099e+00
-1.123e+00
-1.151e+00
-1.181e+00
-1.215e+00
-1.252e+00
-1.292e+00
-1.336e+00
-1.382e+00
-1.432e+00
-1.484e+00
-1.539e+00
-1.597e+00
-1.657e+00
-1.718e+00
-1.781e+00
-1.844e+00
-1.907e+00
-1.970e+00
-2.031e+00
-2.089e+00
-2.143e+00
-2.193e+00
-2.237e+00
-2.275e+00
-2.304e+00
-2.324e+00
-2.336e+00
-2.337e+00
-2.328e+00
-2.308e+00
-2.279e+00
-2.241e+00
-2.194e+00
-2.139e+00
-2.078e+00
-2.011e+00
-1.941e+00
-1.867e+00
-1.793e+00
-1.718e+00
-1.643e+00
-1.571e+00
-1.501e+00
-1.434e+00
-1.371e+00
-1.312e+00
-1.257e+00
-1.207e+00
-1.161e+00
-1.121e+00
-1.085e+00
-1.054e+00
-1.027e+00
-1.005e+00
-9.869e-01
-9.733e-01
-9.637e-01
-9.581e-01
-9.564e-01
-9.583e-01
-9.639e-01
-9.731e-01
-9.857e-01
-1.002e+00
-1.021e+00
-1.044e+00
-1.070e+00
-1.100e+00
-1.133e+00
-1.169e+00
-1.209e+00
-1.253e+00
-1.299e+00
-1.349e+00
-1.403e+00
-1.459e+00
-1.519e+00
-1.581e+00
-1.646e+00
-1.713e+00
-1.782e+00
-1.851e+00
-1.921e+00
-1.990e+00
-2.058e+00
-2.123e+00
-2.184e+00
-2.241e+00
-2.290e+00
-2.333e+00
-2.366e+00
-2.389e+00
-2.402e+00
-2.403e+00
-2.393e+00
-2.371e+00
-2.337e+00
-2.293e+00
-2.239e+00
-2.177e+00
-2.107e+00
-2.032e+00
-1.952e+00
-1.870e+00
-1.786e+00
-1.703e+00
-1.620e+00
-1.540e+00
-1.463e+00
-1.390e+00
-1.321e+00
-1.256e+00
-1.197e+00
-1.143e+00
-1.094e+00
-1.050e+00
-1.012e+00
-9.780e-01
-9.493e-01
-9.252e-01
-9.057e-01
-8.905e-01
-8.795e-01
-8.725e-01
-8.693e-01
-8.699e-01
-8.741e-01
-8.818e-01
-8.930e-01
-9.076e-01
-9.255e-01
-9.469e-01
-9.716e-01
-9.996e-01
-1.031e+00
-1.066e+00
-1.105e+00
-1.147e+00
-1.192e+00
-1.242e+00
-1.295e+00
-1.352e+00
-1.412e+00
-1.476e+00
-1.543e+00
-1.614e+00
-1.687e+00
-1.762e+00
-1.839e+00
-1.917e+00
-1.995e+00
-2.072e+00
-2.146e+00
-2.217e+00
-2.283e+00
-2.342e+00
-2.393e+00
-2.434e+00
-2.464e+00
-2.482e+00
-2.487e+00
-2.478e+00
-2.456e+00
-2.420e+00
-2.372e+00
-2.312e+00
-2.242e+00
-2.163e+00
-2.078e+00
-1.987e+00
-1.894e+00
-1.799e+00
-1.704e+00
-1.611e+00
-1.521e+00
-1.434e+00
-1.351e+00
-1.274e+00
-1.202e+00
-1.136e+00
-1.075e+00
-1.021e+00
-9.719e-01
-9.286e-01
-8.908e-01
-8.581e-01
-8.304e-01
-8.075e-01
-7.890e-01
-7.749e-01
-7.647e-01
-7.585e-01
-7.559e-01
-7.568e-01
-7.612e-01
-7.688e-01
-7.798e-01
-7.939e-01
-8.112e-01
-8.317e-01
-8.554e-01
-8.823e-01
-9.126e-01
-9.463e-01
-9.836e-01
-1.024e+00
-1.069e+00
-1.117e+00
-1.170e+00
-1.226e+00
-1.287e+00
-1.352e+00
-1.421e+00
-1.493e+00
-1.570e+00
-1.651e+00
-1.734e+00
-1.820e+00
-1.908e+00
-1.997e+00
-2.086e+00
-2.172e+00
-2.256e+00
-2.335e+00
-2.407e+00
-2.470e+00
-2.522e+00
-2.561e+00
-2.587e+00
-2.597e+00
-2.590e+00
-2.568e+00
-2.529e+00
-2.474e+00
-2.406e+00
-2.325e+00
-2.234e+00
-2.134e+00
-2.029e+00
-1.920e+00
-1.810e+00
-1.700e+00
-1.593e+00
-1.488e+00
-1.389e+00
-1.295e+00
-1.207e+00
-1.125e+00
-1.050e+00
-9.814e-01
-9.197e-01
-8.643e-01
-8.152e-01
-7.720e-01
-7.344e-01
-7.020e-01
-6.746e-01
-6.517e-01
-6.332e-01
-6.186e-01
-6.078e-01
-6.005e-01
-5.965e-01
-5.956e-01
-5.976e-01
-6.025e-01
-6.101e-01
-6.204e-01
-6.335e-01
-6.491e-01
-6.675e-01
-6.886e-01
-7.125e-01
-7.394e-01
-7.693e-01
-8.024e-01
-8.388e-01
-8.788e-01
-9.226e-01
-9.702e-01
-1.022e+00
-1.078e+00
-1.139e+00
-1.204e+00
-1.275e+00
-1.350e+00
-1.431e+00
-1.516e+00
-1.607e+00
-1.701e+00
-1.800e+00
-1.902e+00
-2.007e+00
-2.112e+00
-2.217e+00
-2.319e+00
-2.416e+00
-2.507e+00
-2.587e+00
-2.655e+00
-2.708e+00
-2.744e+00
-2.760e+00
-2.755e+00
-2.729e+00
-2.683e+00
-2.616e+00
-2.532e+00
-2.432e+00
-2.319e+00
-2.196e+00
-2.067e+00
-1.934e+00
-1.800e+00
-1.667e+00
-1.538e+00
-1.414e+00
-1.296e+00
-1.186e+00
-1.083e+00
-9.884e-01
-9.019e-01
-8.233e-01
-7.525e-01
-6.890e-01
-6.325e-01
-5.825e-01
-5.385e-01
-5.000e-01
-4.665e-01
-4.375e-01
-4.127e-01
-3.915e-01
-3.737e-01
-3.588e-01
-3.465e-01
-3.366e-01
-3.288e-01
-3.230e-01
-3.188e-01
-3.162e-01
-3.151e-01
-3.152e-01
-3.166e-01
-3.192e-01
-3.229e-01
-3.277e-01
-3.336e-01
-3.406e-01
-3.487e-01
-3.580e-01
-3.685e-01
-3.802e-01
-3.933e-01
-4.079e-01
-4.240e-01
-4.418e-01
-4.615e-01
-4.832e-01
-5.071e-01
-5.334e-01
-5.623e-01
-5.941e-01
-6.291e-01
-6.675e-01
-7.097e-01
-7.560e-01
-8.069e-01
-8.627e-01
-9.238e-01
-9.907e-01
-1.064e+00
-1.143e+00
-1.230e+00
-1.324e+00
-1.426e+00
-1.535e+00
-1.653e+00
-1.777e+00
-1.909e+00
-2.046e+00
-2.187e+00
-2.331e+00
-2.474e+00
-2.614e+00
-2.746e+00
-2.865e+00
-2.967e+00
-3.048e+00
-3.101e+00
-3.125e+00
-3.116e+00
-3.073e+00
-2.998e+00
-2.891e+00
-2.758e+00
-2.602e+00
-2.430e+00
-2.246e+00
-2.056e+00
-1.864e+00
-1.675e+00
-1.492e+00
-1.318e+00
-1.154e+00
-1.001e+00
-8.598e-01
-7.307e-01
-6.134e-01
-5.072e-01
-4.117e-01
-3.259e-01
-2.490e-01
-1.802e-01
-1.186e-01
-6.320e-02
-1.320e-02
3.210e-02
7.360e-02
1.118e-01
1.476e-01
1.813e-01
2.137e-01
2.452e-01
2.763e-01
3.074e-01
3.389e-01
3.712e-01
4.047e-01
4.396e-01
4.763e-01
5.151e-01
5.562e-01
6.000e-01
6.467e-01
6.964e-01
7.495e-01
8.061e-01
8.663e-01
9.303e-01
9.981e-01
1.070e+00
1.145e+00
1.224e+00
1.306e+00
1.391e+00
1.477e+00
1.565e+00
1.654e+00
1.741e+00
1.826e+00
1.906e+00
1.981e+00
2.048e+00
2.105e+00
2.150e+00
2.182e+00
2.200e+00
2.201e+00
2.187e+00
2.156e+00
2.110e+00
2.049e+00
1.975e+00
1.890e+00
1.796e+00
1.695e+00
1.589e+00
1.481e+00
1.372e+00
1.264e+00
1.159e+00
1.058e+00
9.622e-01
8.719e-01
7.878e-01
7.101e-01
6.390e-01
5.745e-01
5.165e-01
4.648e-01
4.190e-01
3.790e-01
3.444e-01
3.149e-01
2.901e-01
2.698e-01
2.536e-01
2.413e-01
2.327e-01
2.274e-01
2.254e-01
2.264e-01
2.304e-01
2.372e-01
2.468e-01
2.591e-01
2.742e-01
2.920e-01
3.125e-01
3.360e-01
3.623e-01
3.917e-01
4.243e-01
4.603e-01
4.997e-01
5.429e-01
5.900e-01
6.412e-01
6.967e-01
7.567e-01
8.214e-01
8.909e-01
9.653e-01
1.045e+00
1.129e+00
1.218e+00
1.312e+00
1.409e+00
1.509e+00
1.612e+00
1.716e+00
1.819e+00
1.920e+00
2.016e+00
2.106e+00
2.186e+00
2.253e+00
2.306e+00
2.342e+00
2.360e+00
2.357e+00
2.333e+00
2.289e+00
2.226e+00
2.144e+00
2.047e+00
1.938e+00
1.818e+00
1.691e+00
1.561e+00
1.429e+00
1.298e+00
1.171e+00
1.048e+00
9.314e-01
8.217e-01
7.196e-01
6.253e-01
5.391e-01
4.607e-01
3.900e-01
3.266e-01
2.702e-01
2.202e-01
1.763e-01
1.379e-01
1.045e-01
7.570e-02
5.110e-02
3.030e-02
1.280e-02
-1.640e-03
-1.330e-02
-2.250e-02
-2.950e-02
-3.450e-02
-3.760e-02
-3.900e-02
-3.890e-02
-3.730e-02
-3.430e-02
-2.990e-02
-2.420e-02
-1.720e-02
-8.910e-03
7.310e-04
1.170e-02
2.420e-02
3.820e-02
5.380e-02
7.110e-02
9.020e-02
1.114e-01
1.347e-01
1.604e-01
1.887e-01
2.197e-01
2.539e-01
2.913e-01
3.325e-01
3.775e-01
4.269e-01
4.810e-01
5.402e-01
6.049e-01
6.754e-01
7.522e-01
8.357e-01
9.261e-01
1.024e+00
1.129e+00
1.241e+00
1.360e+00
1.486e+00
1.617e+00
1.753e+00
1.891e+00
2.029e+00
2.164e+00
2.293e+00
2.410e+00
2.513e+00
2.596e+00
2.655e+00
2.686e+00
2.687e+00
2.657e+00
2.595e+00
2.503e+00
2.384e+00
2.243e+00
2.084e+00
1.912e+00
1.732e+00
1.549e+00
1.367e+00
1.189e+00
1.018e+00
8.562e-01
7.047e-01
5.642e-01
4.351e-01
3.173e-01
2.104e-01
1.140e-01
2.740e-02
-5.030e-02
-1.198e-01
-1.820e-01
-2.378e-01
-2.878e-01
-3.329e-01
-3.738e-01
-4.113e-01
-4.458e-01
-4.781e-01
-5.087e-01
-5.381e-01
-5.667e-01
-5.949e-01
-6.232e-01
-6.520e-01
-6.816e-01
-7.123e-01
-7.444e-01
-7.783e-01
-8.142e-01
-8.524e-01
-8.932e-01
-9.368e-01
-9.836e-01
-1.034e+00
-1.088e+00
-1.145e+00
-1.207e+00
-1.272e+00
-1.342e+00
-1.417e+00
-1.495e+00
-1.578e+00
-1.665e+00
-1.755e+00
-1.847e+00
-1.942e+00
-2.038e+00
-2.133e+00
-2.226e+00
-2.316e+00
-2.400e+00
-2.476e+00
-2.541e+00
-2.595e+00
-2.634e+00
-2.657e+00
-2.662e+00
-2.649e+00
-2.618e+00
-2.570e+00
-2.504e+00
-2.424e+00
-2.331e+00
-2.227e+00
-2.116e+00
-2.000e+00
-1.881e+00
-1.761e+00
-1.643e+00
-1.528e+00
-1.418e+00
-1.313e+00
-1.215e+00
-1.124e+00
-1.039e+00
-9.624e-01
-8.926e-01
-8.298e-01
-7.737e-01
-7.240e-01
-6.803e-01
-6.422e-01
-6.094e-01
-5.814e-01
-5.578e-01
-5.383e-01
-5.226e-01
-5.104e-01
-5.014e-01
-4.954e-01
-4.921e-01
-4.914e-01
-4.932e-01
-4.973e-01
-5.036e-01
-5.122e-01
-5.230e-01
-5.360e-01
-5.511e-01
-5.685e-01
-5.883e-01
-6.105e-01
-6.353e-01
-6.628e-01
-6.931e-01
-7.266e-01
-7.633e-01
-8.035e-01
-8.474e-01
-8.954e-01
-9.477e-01
-1.005e+00
-1.066e+00
-1.133e+00
-1.205e+00
-1.283e+00
-1.367e+00
-1.456e+00
-1.551e+00
-1.652e+00
-1.758e+00
-1.868e+00
-1.983e+00
-2.099e+00
-2.217e+00
-2.333e+00
-2.445e+00
-2.551e+00
-2.648e+00
-2.731e+00
-2.799e+00
-2.847e+00
-2.873e+00
-2.876e+00
-2.853e+00
-2.807e+00
-2.736e+00
-2.644e+00
-2.533e+00
-2.406e+00
-2.268e+00
-2.122e+00
-1.971e+00
-1.819e+00
-1.669e+00
-1.524e+00
-1.384e+00
-1.252e+00
-1.128e+00
-1.013e+00
-9.074e-01
-8.110e-01
-7.236e-01
-6.448e-01
-5.742e-01
-5.111e-01
-4.549e-01
-4.051e-01
-3.610e-01
-3.221e-01
-2.876e-01
-2.572e-01
-2.303e-01
-2.063e-01
-1.850e-01
-1.658e-01
-1.484e-01
-1.326e-01
-1.178e-01
-1.040e-01
-9.090e-02
-7.820e-02
-6.570e-02
-5.320e-02
-4.050e-02
-2.760e-02
-1.410e-02
9.890e-05
1.510e-02
3.110e-02
4.820e-02
6.670e-02
8.670e-02
1.084e-01
1.320e-01
1.577e-01
1.858e-01
2.164e-01
2.498e-01
2.864e-01
3.265e-01
3.702e-01
4.181e-01
4.704e-01
5.275e-01
5.899e-01
6.578e-01
7.317e-01
8.120e-01
8.989e-01
9.927e-01
1.094e+00
1.201e+00
1.316e+00
1.438e+00
1.565e+00
1.696e+00
1.830e+00
1.966e+00
2.099e+00
2.227e+00
2.346e+00
2.452e+00
2.540e+00
2.607e+00
2.648e+00
2.661e+00
2.644e+00
2.596e+00
2.518e+00
2.413e+00
2.285e+00
2.137e+00
1.974e+00
1.802e+00
1.625e+00
1.446e+00
1.271e+00
1.101e+00
9.389e-01
7.862e-01
6.440e-01
5.126e-01
3.923e-01
2.829e-01
1.839e-01
9.480e-02
1.470e-02
-5.690e-02
-1.209e-01
-1.782e-01
-2.294e-01
-2.755e-01
-3.170e-01
-3.547e-01
-3.893e-01
-4.212e-01
-4.511e-01
-4.795e-01
-5.068e-01
-5.335e-01
-5.599e-01
-5.865e-01
-6.136e-01
-6.414e-01
-6.704e-01
-7.009e-01
-7.330e-01
-7.672e-01
-8.037e-01
-8.427e-01
-8.845e-01
-9.295e-01
-9.779e-01
-1.030e+00
-1.086e+00
-1.146e+00
-1.210e+00
-1.279e+00
-1.352e+00
-1.430e+00
-1.512e+00
-1.599e+00
-1.690e+00
-1.784e+00
-1.882e+00
-1.981e+00
-2.081e+00
-2.181e+00
-2.278e+00
-2.371e+00
-2.457e+00
-2.534e+00
-2.600e+00
-2.652e+00
-2.688e+00
-2.706e+00
-2.706e+00
-2.685e+00
-2.645e+00
-2.587e+00
-2.511e+00
-2.420e+00
-2.317e+00
-2.204e+00
-2.083e+00
-1.959e+00
-1.832e+00
-1.707e+00
-1.584e+00
-1.465e+00
-1.351e+00
-1.245e+00
-1.145e+00
-1.052e+00
-9.677e-01
-8.906e-01
-8.209e-01
-7.585e-01
-7.028e-01
-6.535e-01
-6.103e-01
-5.725e-01
-5.399e-01
-5.119e-01
-4.882e-01
-4.684e-01
-4.522e-01
-4.391e-01
-4.290e-01
-4.215e-01
-4.165e-01
-4.138e-01
-4.132e-01
-4.146e-01
-4.179e-01
-4.230e-01
-4.299e-01
-4.385e-01
-4.489e-01
-4.610e-01
-4.749e-01
-4.907e-01
-5.085e-01
-5.284e-01
-5.505e-01
-5.749e-01
-6.019e-01
-6.315e-01
-6.642e-01
-7.000e-01
-7.392e-01
-7.822e-01
-8.292e-01
-8.805e-01
-9.365e-01
-9.975e-01
-1.064e+00
-1.136e+00
-1.214e+00
-1.298e+00
-1.389e+00
-1.486e+00
-1.590e+00
-1.700e+00
-1.816e+00
-1.937e+00
-2.062e+00
-2.189e+00
-2.317e+00
-2.442e+00
-2.563e+00
-2.674e+00
-2.774e+00
-2.858e+00
-2.921e+00
-2.961e+00
-2.976e+00
-2.962e+00
-2.921e+00
-2.852e+00
-2.758e+00
-2.641e+00
-2.506e+00
-2.356e+00
-2.196e+00
-2.031e+00
-1.863e+00
-1.698e+00
-1.537e+00
-1.382e+00
-1.236e+00
-1.099e+00
-9.725e-01
-8.560e-01
-7.497e-01
-6.534e-01
-5.664e-01
-4.884e-01
-4.185e-01
-3.561e-01
-3.005e-01
-2.509e-01
-2.067e-01
-1.671e-01
-1.315e-01
-9.930e-02
-7.000e-02
-4.310e-02
-1.800e-02
5.590e-03
2.820e-02
5.010e-02
7.170e-02
9.320e-02
1.151e-01
1.376e-01
1.609e-01
1.853e-01
2.111e-01
2.385e-01
2.678e-01
2.993e-01
3.331e-01
3.697e-01
4.091e-01
4.518e-01
4.980e-01
5.481e-01
6.022e-01
6.606e-01
7.238e-01
7.918e-01
8.649e-01
9.434e-01
1.027e+00
1.117e+00
1.211e+00
1.311e+00
1.415e+00
1.523e+00
1.633e+00
1.745e+00
1.857e+00
1.967e+00
2.072e+00
2.169e+00
2.256e+00
2.329e+00
2.386e+00
2.425e+00
2.442e+00
2.436e+00
2.407e+00
2.355e+00
2.282e+00
2.189e+00
2.079e+00
1.956e+00
1.823e+00
1.683e+00
1.539e+00
1.395e+00
1.254e+00
1.116e+00
9.848e-01
8.605e-01
7.443e-01
6.366e-01
5.376e-01
4.474e-01
3.656e-01
2.920e-01
2.261e-01
1.674e-01
1.153e-01
6.920e-02
2.870e-02
-6.880e-03
-3.800e-02
-6.520e-02
-8.900e-02
-1.096e-01
-1.277e-01
-1.434e-01
-1.571e-01
-1.691e-01
-1.797e-01
-1.891e-01
-1.975e-01
-2.050e-01
-2.119e-01
-2.183e-01
-2.243e-01
-2.300e-01
-2.356e-01
-2.411e-01
-2.466e-01
-2.523e-01
-2.581e-01
-2.642e-01
-2.706e-01
-2.775e-01
-2.848e-01
-2.928e-01
-3.013e-01
-3.107e-01
-3.208e-01
-3.320e-01
-3.441e-01
-3.575e-01
-3.721e-01
-3.882e-01
-4.060e-01
-4.255e-01
-4.469e-01
-4.706e-01
-4.967e-01
-5.254e-01
-5.571e-01
-5.921e-01
-6.306e-01
-6.731e-01
-7.200e-01
-7.717e-01
-8.286e-01
-8.912e-01
-9.601e-01
-1.036e+00
-1.118e+00
-1.209e+00
-1.308e+00
-1.415e+00
-1.531e+00
-1.656e+00
-1.790e+00
-1.931e+00
-2.080e+00
-2.234e+00
-2.391e+00
-2.548e+00
-2.701e+00
-2.845e+00
-2.976e+00
-3.086e+00
-3.172e+00
-3.227e+00
-3.246e+00
-3.228e+00
-3.172e+00
-3.079e+00
-2.951e+00
-2.795e+00
-2.615e+00
-2.418e+00
-2.211e+00
-2.000e+00
-1.789e+00
-1.583e+00
-1.386e+00
-1.199e+00
-1.025e+00
-8.636e-01
-7.158e-01
-5.814e-01
-4.597e-01
-3.501e-01
-2.517e-01
-1.634e-01
-8.430e-02
-1.340e-02
5.030e-02
1.079e-01
1.601e-01
2.080e-01
2.523e-01
2.936e-01
3.328e-01
3.704e-01
4.070e-01
4.431e-01
4.792e-01
5.156e-01
5.529e-01
5.913e-01
6.312e-01
6.729e-01
7.165e-01
7.625e-01
8.108e-01
8.618e-01
9.155e-01
9.719e-01
1.031e+00
1.093e+00
1.158e+00
1.225e+00
1.294e+00
1.365e+00
1.437e+00
1.509e+00
1.582e+00
1.653e+00
1.721e+00
1.786e+00
1.847e+00
1.901e+00
1.948e+00
1.986e+00
2.015e+00
2.032e+00
2.038e+00
2.032e+00
2.013e+00
1.983e+00
1.941e+00
1.889e+00
1.828e+00
1.758e+00
1.683e+00
1.602e+00
1.518e+00
1.432e+00
1.345e+00
1.260e+00
1.177e+00
1.096e+00
1.020e+00
9.473e-01
8.797e-01
8.171e-01
7.599e-01
7.080e-01
6.614e-01
6.200e-01
5.839e-01
5.527e-01
5.264e-01
5.046e-01
4.874e-01
4.744e-01
4.654e-01
4.604e-01
4.591e-01
4.615e-01
4.675e-01
4.768e-01
4.896e-01
5.057e-01
5.252e-01
5.480e-01
5.742e-01
6.037e-01
6.367e-01
6.733e-01
7.133e-01
7.571e-01
8.045e-01
8.557e-01
9.106e-01
9.694e-01
1.032e+00
1.098e+00
1.167e+00
1.240e+00
1.316e+00
1.393e+00
1.473e+00
1.553e+00
1.633e+00
1.713e+00
1.789e+00
1.861e+00
1.928e+00
1.988e+00
2.039e+00
2.080e+00
2.108e+00
2.124e+00
2.126e+00
2.114e+00
2.088e+00
2.047e+00
1.994e+00
1.929e+00
1.854e+00
1.771e+00
1.680e+00
1.586e+00
1.488e+00
1.390e+00
1.292e+00
1.197e+00
1.104e+00
1.016e+00
9.320e-01
8.538e-01
7.813e-01
7.148e-01
6.542e-01
5.996e-01
5.509e-01
5.078e-01
4.702e-01
4.379e-01
4.105e-01
3.878e-01
3.696e-01
3.556e-01
3.456e-01
3.394e-01
3.368e-01
3.377e-01
3.418e-01
3.492e-01
3.598e-01
3.735e-01
3.902e-01
4.101e-01
4.331e-01
4.593e-01
4.887e-01
5.215e-01
5.578e-01
5.976e-01
6.412e-01
6.886e-01
7.400e-01
7.956e-01
8.553e-01
9.194e-01
9.878e-01
1.060e+00
1.137e+00
1.218e+00
1.303e+00
1.390e+00
1.480e+00
1.572e+00
1.664e+00
1.756e+00
1.845e+00
1.930e+00
2.009e+00
2.081e+00
2.141e+00
2.190e+00
2.225e+00
2.243e+00
2.246e+00
2.230e+00
2.198e+00
2.148e+00
2.083e+00
2.005e+00
1.914e+00
1.813e+00
1.706e+00
1.593e+00
1.479e+00
1.363e+00
1.250e+00
1.140e+00
1.034e+00
9.334e-01
8.391e-01
7.514e-01
6.706e-01
5.968e-01
5.299e-01
4.697e-01
4.161e-01
3.686e-01
3.270e-01
2.909e-01
2.599e-01
2.337e-01
2.120e-01
1.943e-01
1.804e-01
1.700e-01
1.629e-01
1.589e-01
1.578e-01
1.593e-01
1.635e-01
1.703e-01
1.795e-01
1.911e-01
2.051e-01
2.217e-01
2.407e-01
2.623e-01
2.866e-01
3.137e-01
3.437e-01
3.769e-01
4.134e-01
4.533e-01
4.970e-01
5.447e-01
5.966e-01
6.529e-01
7.140e-01
7.800e-01
8.511e-01
9.275e-01
1.009e+00
1.097e+00
1.189e+00
1.287e+00
1.389e+00
1.495e+00
1.605e+00
1.716e+00
1.827e+00
1.936e+00
2.042e+00
2.140e+00
2.229e+00
2.306e+00
2.367e+00
2.409e+00
2.432e+00
2.432e+00
2.409e+00
2.364e+00
2.296e+00
2.209e+00
2.104e+00
1.986e+00
1.856e+00
1.718e+00
1.577e+00
1.434e+00
1.292e+00
1.155e+00
1.022e+00
8.970e-01
7.794e-01
6.702e-01
5.695e-01
4.775e-01
3.940e-01
3.188e-01
2.512e-01
1.910e-01
1.375e-01
9.030e-02
4.860e-02
1.210e-02
-1.980e-02
-4.770e-02
-7.200e-02
-9.310e-02
-1.113e-01
-1.272e-01
-1.410e-01
-1.529e-01
-1.633e-01
-1.723e-01
-1.803e-01
-1.872e-01
-1.935e-01
-1.991e-01
-2.041e-01
-2.088e-01
-2.132e-01
-2.174e-01
-2.214e-01
-2.254e-01
-2.294e-01
-2.335e-01
-2.377e-01
-2.421e-01
-2.467e-01
-2.516e-01
-2.569e-01
-2.627e-01
-2.689e-01
-2.756e-01
-2.830e-01
-2.910e-01
-2.998e-01
-3.095e-01
-3.202e-01
-3.319e-01
-3.448e-01
-3.590e-01
-3.747e-01
-3.919e-01
-4.110e-01
-4.321e-01
-4.554e-01
-4.811e-01
-5.095e-01
-5.409e-01
-5.757e-01
-6.141e-01
-6.565e-01
-7.034e-01
-7.552e-01
-8.124e-01
-8.755e-01
-9.450e-01
-1.021e+00
-1.105e+00
-1.198e+00
-1.298e+00
-1.408e+00
-1.527e+00
-1.655e+00
-1.793e+00
-1.939e+00
-2.093e+00
-2.252e+00
-2.416e+00
-2.579e+00
-2.739e+00
-2.889e+00
-3.026e+00
-3.141e+00
-3.229e+00
-3.285e+00
-3.303e+00
-3.281e+00
-3.219e+00
-3.117e+00
-2.980e+00
-2.812e+00
-2.621e+00
-2.413e+00
-2.195e+00
-1.974e+00
-1.754e+00
-1.540e+00
-1.336e+00
-1.144e+00
-9.648e-01
-7.998e-01
-6.490e-01
-5.120e-01
-3.883e-01
-2.770e-01
-1.772e-01
-8.770e-02
-7.600e-03
6.430e-02
1.290e-01
1.875e-01
2.407e-01
2.896e-01
3.350e-01
3.775e-01
4.180e-01
4.569e-01
4.949e-01
5.325e-01
5.701e-01
6.082e-01
6.471e-01
6.872e-01
7.287e-01
7.720e-01
8.171e-01
8.643e-01
9.138e-01
9.655e-01
1.020e+00
1.076e+00
1.135e+00
1.195e+00
1.258e+00
1.322e+00
1.387e+00
1.453e+00
1.518e+00
1.583e+00
1.646e+00
1.706e+00
1.762e+00
1.814e+00
1.860e+00
1.898e+00
1.929e+00
1.950e+00
1.962e+00
1.964e+00
1.955e+00
1.936e+00
1.906e+00
1.867e+00
1.819e+00
1.763e+00
1.700e+00
1.632e+00
1.560e+00
1.486e+00
1.409e+00
1.333e+00
1.257e+00
1.183e+00
1.111e+00
1.043e+00
9.788e-01
9.186e-01
8.629e-01
8.119e-01
7.657e-01
7.243e-01
6.877e-01
6.559e-01
6.287e-01
6.061e-01
5.878e-01
5.738e-01
5.639e-01
5.579e-01
5.558e-01
5.574e-01
5.627e-01
5.715e-01
5.838e-01
5.995e-01
6.187e-01
6.412e-01
6.671e-01
6.965e-01
7.292e-01
7.654e-01
8.050e-01
8.481e-01
8.946e-01
9.446e-01
9.980e-01
1.055e+00
1.114e+00
1.177e+00
1.243e+00
1.310e+00
1.380e+00
1.451e+00
1.522e+00
1.593e+00
1.663e+00
1.730e+00
1.794e+00
1.853e+00
1.906e+00
1.952e+00
1.988e+00
2.015e+00
2.031e+00
2.035e+00
2.027e+00
2.007e+00
1.976e+00
1.933e+00
1.880e+00
1.818e+00
1.748e+00
1.672e+00
1.591e+00
1.507e+00
1.421e+00
1.336e+00
1.251e+00
1.168e+00
1.089e+00
1.013e+00
9.414e-01
8.748e-01
8.131e-01
7.568e-01
7.057e-01
6.599e-01
6.194e-01
5.840e-01
5.536e-01
5.279e-01
5.069e-01
4.903e-01
4.779e-01
4.695e-01
4.651e-01
4.644e-01
4.673e-01
4.738e-01
4.837e-01
4.970e-01
5.137e-01
5.337e-01
5.571e-01
5.838e-01
6.139e-01
6.475e-01
6.846e-01
7.253e-01
7.696e-01
8.177e-01
8.694e-01
9.250e-01
9.843e-01
1.047e+00
1.114e+00
1.184e+00
1.257e+00
1.332e+00
1.410e+00
1.489e+00
1.569e+00
1.649e+00
1.727e+00
1.802e+00
1.873e+00
1.938e+00
1.996e+00
2.044e+00
2.082e+00
2.108e+00
2.121e+00
2.120e+00
2.105e+00
2.076e+00
2.033e+00
1.978e+00
1.911e+00
1.835e+00
1.750e+00
1.660e+00
1.565e+00
1.468e+00
1.370e+00
1.274e+00
1.179e+00
1.088e+00
1.001e+00
9.188e-01
8.421e-01
7.712e-01
7.062e-01
6.472e-01
5.941e-01
5.467e-01
5.051e-01
4.688e-01
4.376e-01
4.114e-01
3.898e-01
3.727e-01
3.597e-01
3.507e-01
3.454e-01
3.437e-01
3.454e-01
3.504e-01
3.587e-01
3.701e-01
3.847e-01
4.024e-01
4.232e-01
4.471e-01
4.743e-01
5.048e-01
5.386e-01
5.760e-01
6.170e-01
6.618e-01
7.105e-01
7.631e-01
8.199e-01
8.810e-01
9.463e-01
1.016e+00
1.090e+00
1.168e+00
1.249e+00
1.334e+00
1.423e+00
1.513e+00
1.604e+00
1.696e+00
1.786e+00
1.873e+00
1.956e+00
2.031e+00
2.098e+00
2.154e+00
2.198e+00
2.226e+00
2.239e+00
2.235e+00
2.214e+00
2.176e+00
2.121e+00
2.052e+00
1.969e+00
1.875e+00
1.773e+00
1.665e+00
1.552e+00
1.438e+00
1.324e+00
1.213e+00
1.105e+00
1.001e+00
9.038e-01
8.125e-01
7.278e-01
6.499e-01
5.790e-01
5.149e-01
4.574e-01
4.063e-01
3.612e-01
3.219e-01
2.879e-01
2.589e-01
2.345e-01
2.145e-01
1.984e-01
1.861e-01
1.772e-01
1.715e-01
1.689e-01
1.691e-01
1.720e-01
1.776e-01
1.857e-01
1.963e-01
2.094e-01
2.250e-01
2.431e-01
2.638e-01
2.871e-01
3.133e-01
3.424e-01
3.745e-01
4.100e-01
4.488e-01
4.914e-01
5.378e-01
5.883e-01
6.432e-01
7.027e-01
7.671e-01
8.365e-01
9.111e-01
9.910e-01
1.076e+00
1.167e+00
1.262e+00
1.363e+00
1.467e+00
1.574e+00
1.684e+00
1.794e+00
1.903e+00
2.008e+00
2.107e+00
2.198e+00
2.277e+00
2.341e+00
2.388e+00
2.416e+00
2.422e+00
2.406e+00
2.367e+00
2.306e+00
2.225e+00
2.127e+00
2.013e+00
1.888e+00
1.754e+00
1.615e+00
1.474e+00
1.334e+00
1.196e+00
1.064e+00
9.381e-01
8.195e-01
7.090e-01
6.069e-01
5.134e-01
4.283e-01
3.515e-01
2.824e-01
2.208e-01
1.660e-01
1.175e-01
7.480e-02
3.740e-02
4.710e-03
-2.380e-02
-4.850e-02
-6.990e-02
-8.830e-02
-1.041e-01
-1.177e-01
-1.294e-01
-1.393e-01
-1.477e-01
-1.549e-01
-1.610e-01
-1.662e-01
-1.705e-01
-1.742e-01
-1.773e-01
-1.799e-01
-1.821e-01
-1.839e-01
-1.855e-01
-1.868e-01
-1.879e-01
-1.888e-01
-1.896e-01
-1.903e-01
-1.908e-01
-1.913e-01
-1.918e-01
-1.921e-01
-1.925e-01
-1.928e-01
-1.930e-01
-1.933e-01
-1.936e-01
-1.938e-01
-1.941e-01
-1.943e-01
-1.946e-01
-1.949e-01
-1.952e-01
-1.955e-01
-1.959e-01
-1.963e-01
-1.967e-01
-1.972e-01
-1.977e-01
-1.982e-01
-1.989e-01
-1.995e-01
-2.003e-01
-2.011e-01
-2.021e-01
-2.031e-01
-2.043e-01
-2.055e-01
-2.070e-01
-2.085e-01
-2.103e-01
-2.122e-01
-2.144e-01
-2.168e-01
-2.195e-01
-2.225e-01
-2.258e-01
-2.295e-01
-2.336e-01
-2.383e-01
-2.434e-01
-2.491e-01
-2.555e-01
-2.627e-01
-2.706e-01
-2.795e-01
-2.894e-01
-3.005e-01
-3.129e-01
-3.267e-01
-3.422e-01
-3.595e-01
-3.787e-01
-4.003e-01
-4.244e-01
-4.513e-01
-4.814e-01
-5.151e-01
-5.526e-01
-5.946e-01
-6.415e-01
-6.938e-01
-7.522e-01
-8.172e-01
-8.897e-01
-9.702e-01
-1.060e+00
-1.159e+00
-1.268e+00
-1.389e+00
-1.521e+00
-1.665e+00
-1.821e+00
-1.989e+00
-2.167e+00
-2.353e+00
-2.545e+00
-2.739e+00
-2.928e+00
-3.107e+00
-3.267e+00
-3.399e+00
-3.495e+00
-3.548e+00
-3.552e+00
-3.503e+00
-3.403e+00
-3.255e+00
-3.065e+00
-2.842e+00
-2.595e+00
-2.334e+00
-2.067e+00
-1.802e+00
-1.545e+00
-1.299e+00
-1.069e+00
-8.555e-01
-6.596e-01
-4.813e-01
-3.202e-01
-1.752e-01
-4.550e-02
7.040e-02
1.738e-01
2.660e-01
3.482e-01
4.218e-01
4.879e-01
5.475e-01
6.017e-01
6.514e-01
6.973e-01
7.403e-01
7.808e-01
8.195e-01
8.569e-01
8.934e-01
9.293e-01
9.649e-01
1.000e+00
1.036e+00
1.072e+00
1.108e+00
1.145e+00
1.182e+00
1.219e+00
1.257e+00
1.294e+00
1.331e+00
1.368e+00
1.404e+00
1.439e+00
1.472e+00
1.504e+00
1.533e+00
1.560e+00
1.584e+00
1.605e+00
1.622e+00
1.635e+00
1.643e+00
1.648e+00
1.647e+00
1.642e+00
1.633e+00
1.619e+00
1.601e+00
1.579e+00
1.554e+00
1.525e+00
1.493e+00
1.460e+00
1.424e+00
1.388e+00
1.350e+00
1.313e+00
1.275e+00
1.238e+00
1.202e+00
1.168e+00
1.135e+00
1.104e+00
1.076e+00
1.050e+00
1.026e+00
1.005e+00
9.865e-01
9.710e-01
9.583e-01
9.486e-01
9.416e-01
9.376e-01
9.364e-01
9.380e-01
9.424e-01
9.495e-01
9.594e-01
9.718e-01
9.868e-01
1.004e+00
1.024e+00
1.046e+00
1.071e+00
1.097e+00
1.126e+00
1.156e+00
1.188e+00
1.221e+00
1.256e+00
1.291e+00
1.327e+00
1.363e+00
1.400e+00
1.435e+00
1.470e+00
1.504e+00
1.536e+00
1.566e+00
1.592e+00
1.616e+00
1.637e+00
1.653e+00
1.665e+00
1.672e+00
1.675e+00
1.673e+00
1.665e+00
1.653e+00
1.637e+00
1.615e+00
1.590e+00
1.561e+00
1.529e+00
1.494e+00
1.457e+00
1.418e+00
1.378e+00
1.338e+00
1.297e+00
1.257e+00
1.218e+00
1.180e+00
1.144e+00
1.109e+00
1.077e+00
1.048e+00
1.021e+00
9.966e-01
9.752e-01
9.568e-01
9.414e-01
9.290e-01
9.196e-01
9.132e-01
9.098e-01
9.094e-01
9.120e-01
9.174e-01
9.257e-01
9.368e-01
9.505e-01
9.670e-01
9.860e-01
1.008e+00
1.032e+00
1.058e+00
1.086e+00
1.117e+00
1.149e+00
1.183e+00
1.219e+00
1.256e+00
1.294e+00
1.332e+00
1.371e+00
1.410e+00
1.448e+00
1.486e+00
1.521e+00
1.555e+00
1.587e+00
1.616e+00
1.641e+00
1.662e+00
1.679e+00
1.692e+00
1.699e+00
1.701e+00
1.698e+00
1.689e+00
1.675e+00
1.656e+00
1.632e+00
1.604e+00
1.572e+00
1.537e+00
1.498e+00
1.458e+00
1.416e+00
1.372e+00
1.329e+00
1.285e+00
1.242e+00
1.201e+00
1.160e+00
1.122e+00
1.086e+00
1.052e+00
1.021e+00
9.931e-01
9.679e-01
9.458e-01
9.269e-01
9.111e-01
8.984e-01
8.890e-01
8.828e-01
8.796e-01
8.796e-01
8.826e-01
8.887e-01
8.977e-01
9.096e-01
9.243e-01
9.418e-01
9.621e-01
9.849e-01
1.010e+00
1.038e+00
1.068e+00
1.101e+00
1.135e+00
1.171e+00
1.209e+00
1.248e+00
1.289e+00
1.330e+00
1.372e+00
1.413e+00
1.454e+00
1.495e+00
1.533e+00
1.570e+00
1.605e+00
1.636e+00
1.663e+00
1.687e+00
1.705e+00
1.719e+00
1.727e+00
1.730e+00
1.726e+00
1.717e+00
1.702e+00
1.681e+00
1.656e+00
1.625e+00
1.590e+00
1.552e+00
1.510e+00
1.466e+00
1.421e+00
1.374e+00
1.327e+00
1.280e+00
1.234e+00
1.189e+00
1.146e+00
1.105e+00
1.067e+00
1.031e+00
9.976e-01
9.676e-01
9.408e-01
9.173e-01
8.972e-01
8.803e-01
8.669e-01
8.568e-01
8.500e-01
8.464e-01
8.462e-01
8.491e-01
8.551e-01
8.643e-01
8.764e-01
8.915e-01
9.096e-01
9.304e-01
9.541e-01
9.804e-01
1.009e+00
1.041e+00
1.075e+00
1.111e+00
1.149e+00
1.189e+00
1.230e+00
1.273e+00
1.317e+00
1.361e+00
1.406e+00
1.451e+00
1.494e+00
1.537e+00
1.577e+00
1.615e+00
1.650e+00
1.681e+00
1.708e+00
1.730e+00
1.746e+00
1.757e+00
1.761e+00
1.759e+00
1.751e+00
1.736e+00
1.715e+00
1.688e+00
1.656e+00
1.619e+00
1.578e+00
1.534e+00
1.487e+00
1.438e+00
1.387e+00
1.337e+00
1.286e+00
1.236e+00
1.187e+00
1.140e+00
1.096e+00
1.054e+00
1.015e+00
9.788e-01
9.460e-01
9.167e-01
8.909e-01
8.686e-01
8.498e-01
8.346e-01
8.229e-01
8.147e-01
8.100e-01
8.086e-01
8.105e-01
8.158e-01
8.242e-01
8.358e-01
8.505e-01
8.683e-01
8.891e-01
9.127e-01
9.393e-01
9.686e-01
1.001e+00
1.035e+00
1.072e+00
1.112e+00
1.153e+00
1.197e+00
1.242e+00
1.288e+00
1.336e+00
1.384e+00
1.432e+00
1.480e+00
1.526e+00
1.572e+00
1.614e+00
1.654e+00
1.691e+00
1.723e+00
1.750e+00
1.771e+00
1.786e+00
1.795e+00
1.796e+00
1.791e+00
1.779e+00
1.759e+00
1.733e+00
1.701e+00
1.664e+00
1.621e+00
1.574e+00
1.524e+00
1.472e+00
1.417e+00
1.362e+00
1.307e+00
1.253e+00
1.199e+00
1.148e+00
1.099e+00
1.052e+00
1.009e+00
9.683e-01
9.315e-01
8.983e-01
8.688e-01
8.431e-01
8.212e-01
8.030e-01
7.885e-01
7.777e-01
7.705e-01
7.669e-01
7.667e-01
7.700e-01
7.767e-01
7.867e-01
7.999e-01
8.163e-01
8.359e-01
8.585e-01
8.842e-01
9.129e-01
9.445e-01
9.789e-01
1.016e+00
1.056e+00
1.098e+00
1.143e+00
1.189e+00
1.238e+00
1.288e+00
1.339e+00
1.391e+00
1.443e+00
1.495e+00
1.545e+00
1.594e+00
1.641e+00
1.684e+00
1.724e+00
1.758e+00
1.787e+00
1.810e+00
1.826e+00
1.835e+00
1.836e+00
1.829e+00
1.815e+00
1.793e+00
1.763e+00
1.727e+00
1.685e+00
1.637e+00
1.586e+00
1.530e+00
1.472e+00
1.413e+00
1.353e+00
1.293e+00
1.234e+00
1.176e+00
1.121e+00
1.068e+00
1.019e+00
9.723e-01
9.296e-01
8.908e-01
8.559e-01
8.249e-01
7.980e-01
7.751e-01
7.561e-01
7.411e-01
7.298e-01
7.224e-01
7.186e-01
7.185e-01
7.218e-01
7.287e-01
7.390e-01
7.526e-01
7.695e-01
7.896e-01
8.130e-01
8.395e-01
8.692e-01
9.019e-01
9.376e-01
9.763e-01
1.018e+00
1.062e+00
1.109e+00
1.158e+00
1.210e+00
1.263e+00
1.318e+00
1.374e+00
1.430e+00
1.486e+00
1.542e+00
1.596e+00
1.648e+00
1.697e+00
1.742e+00
1.783e+00
1.817e+00
1.845e+00
1.865e+00
1.878e+00
1.882e+00
1.877e+00
1.864e+00
1.842e+00
1.812e+00
1.775e+00
1.730e+00
1.679e+00
1.623e+00
1.563e+00
1.500e+00
1.435e+00
1.370e+00
1.304e+00
1.239e+00
1.176e+00
1.115e+00
1.057e+00
1.002e+00
9.512e-01
9.041e-01
8.612e-01
8.225e-01
7.880e-01
7.579e-01
7.320e-01
7.103e-01
6.927e-01
6.792e-01
6.697e-01
6.639e-01
6.620e-01
6.637e-01
6.689e-01
6.777e-01
6.900e-01
7.056e-01
7.246e-01
7.469e-01
7.726e-01
8.014e-01
8.336e-01
8.689e-01
9.074e-01
9.491e-01
9.938e-01
1.041e+00
1.092e+00
1.145e+00
1.201e+00
1.258e+00
1.318e+00
1.378e+00
1.440e+00
1.501e+00
1.562e+00
1.622e+00
1.679e+00
1.733e+00
1.783e+00
1.827e+00
1.865e+00
1.895e+00
1.918e+00
1.931e+00
1.935e+00
1.929e+00
1.913e+00
1.888e+00
1.853e+00
1.810e+00
1.759e+00
1.702e+00
1.639e+00
1.572e+00
1.502e+00
1.430e+00
1.357e+00
1.285e+00
1.214e+00
1.145e+00
1.079e+00
1.017e+00
9.578e-01
9.031e-01
8.529e-01
8.072e-01
7.661e-01
7.296e-01
6.977e-01
6.704e-01
6.475e-01
6.289e-01
6.145e-01
6.042e-01
5.979e-01
5.954e-01
5.966e-01
6.015e-01
6.099e-01
6.218e-01
6.372e-01
6.560e-01
6.782e-01
7.037e-01
7.326e-01
7.649e-01
8.006e-01
8.396e-01
8.819e-01
9.276e-01
9.766e-01
1.029e+00
1.084e+00
1.142e+00
1.203e+00
1.266e+00
1.331e+00
1.398e+00
1.466e+00
1.533e+00
1.600e+00
1.666e+00
1.729e+00
1.788e+00
1.842e+00
1.889e+00
1.930e+00
1.961e+00
1.984e+00
1.996e+00
1.997e+00
1.987e+00
1.965e+00
1.933e+00
1.891e+00
1.839e+00
1.779e+00
1.712e+00
1.640e+00
1.563e+00
1.484e+00
1.403e+00
1.322e+00
1.243e+00
1.165e+00
1.090e+00
1.019e+00
9.522e-01
8.896e-01
8.319e-01
7.791e-01
7.314e-01
6.887e-01
6.511e-01
6.183e-01
5.903e-01
5.670e-01
5.481e-01
5.335e-01
5.230e-01
5.166e-01
5.140e-01
5.151e-01
5.199e-01
5.282e-01
5.400e-01
5.552e-01
5.738e-01
5.958e-01
6.212e-01
6.500e-01
6.822e-01
7.179e-01
7.570e-01
7.998e-01
8.461e-01
8.960e-01
9.495e-01
1.006e+00
1.067e+00
1.131e+00
1.197e+00
1.267e+00
1.339e+00
1.413e+00
1.488e+00
1.563e+00
1.638e+00
1.711e+00
1.781e+00
1.847e+00
1.907e+00
1.960e+00
2.004e+00
2.039e+00
2.062e+00
2.074e+00
2.072e+00
2.058e+00
2.031e+00
1.991e+00
1.940e+00
1.878e+00
1.808e+00
1.730e+00
1.646e+00
1.558e+00
1.467e+00
1.376e+00
1.285e+00
1.197e+00
1.111e+00
1.029e+00
9.513e-01
8.787e-01
8.113e-01
7.495e-01
6.933e-01
6.427e-01
5.976e-01
5.579e-01
5.234e-01
4.939e-01
4.693e-01
4.492e-01
4.335e-01
4.219e-01
4.144e-01
4.106e-01
4.105e-01
4.139e-01
4.208e-01
4.310e-01
4.445e-01
4.612e-01
4.813e-01
5.046e-01
5.312e-01
5.612e-01
5.946e-01
6.315e-01
6.721e-01
7.163e-01
7.643e-01
8.162e-01
8.721e-01
9.319e-01
9.957e-01
1.063e+00
1.135e+00
1.210e+00
1.288e+00
1.369e+00
1.453e+00
1.537e+00
1.622e+00
1.707e+00
1.789e+00
1.868e+00
1.941e+00
2.008e+00
2.066e+00
2.112e+00
2.147e+00
2.168e+00
2.175e+00
2.166e+00
2.141e+00
2.101e+00
2.047e+00
1.980e+00
1.902e+00
1.814e+00
1.719e+00
1.619e+00
1.515e+00
1.410e+00
1.306e+00
1.203e+00
1.104e+00
1.010e+00
9.201e-01
8.364e-01
7.588e-01
6.875e-01
6.226e-01
5.640e-01
5.116e-01
4.651e-01
4.244e-01
3.891e-01
3.590e-01
3.336e-01
3.129e-01
2.963e-01
2.838e-01
2.751e-01
2.699e-01
2.680e-01
2.694e-01
2.739e-01
2.813e-01
2.917e-01
3.050e-01
3.212e-01
3.402e-01
3.622e-01
3.872e-01
4.153e-01
4.466e-01
4.813e-01
5.194e-01
5.612e-01
6.068e-01
6.564e-01
7.101e-01
7.682e-01
8.308e-01
8.981e-01
9.700e-01
1.047e+00
1.128e+00
1.213e+00
1.303e+00
1.397e+00
1.493e+00
1.591e+00
1.691e+00
1.789e+00
1.886e+00
1.978e+00
2.064e+00
2.141e+00
2.206e+00
2.259e+00
2.295e+00
2.314e+00
2.314e+00
2.295e+00
2.257e+00
2.200e+00
2.126e+00
2.037e+00
1.935e+00
1.824e+00
1.705e+00
1.581e+00
1.456e+00
1.332e+00
1.209e+00
1.091e+00
9.782e-01
8.717e-01
7.721e-01
6.800e-01
5.953e-01
5.183e-01
4.486e-01
3.861e-01
3.304e-01
2.810e-01
2.377e-01
1.999e-01
1.673e-01
1.393e-01
1.157e-01
9.600e-02
7.980e-02
6.690e-02
5.700e-02
4.980e-02
4.520e-02
4.290e-02
4.270e-02
4.460e-02
4.840e-02
5.420e-02
6.180e-02
7.120e-02
8.240e-02
9.550e-02
1.105e-01
1.275e-01
1.466e-01
1.679e-01
1.915e-01
2.176e-01
2.463e-01
2.780e-01
3.127e-01
3.508e-01
3.926e-01
4.382e-01
4.881e-01
5.425e-01
6.017e-01
6.661e-01
7.361e-01
8.119e-01
8.937e-01
9.818e-01
1.076e+00
1.177e+00
1.284e+00
1.397e+00
1.515e+00
1.638e+00
1.762e+00
1.888e+00
2.013e+00
2.133e+00
2.246e+00
2.348e+00
2.435e+00
2.503e+00
2.550e+00
2.572e+00
2.567e+00
2.535e+00
2.476e+00
2.391e+00
2.283e+00
2.155e+00
2.012e+00
1.858e+00
1.697e+00
1.533e+00
1.369e+00
1.209e+00
1.055e+00
9.079e-01
7.700e-01
6.417e-01
5.234e-01
4.151e-01
3.168e-01
2.279e-01
1.480e-01
7.640e-02
1.240e-02
-4.460e-02
-9.540e-02
-1.406e-01
-1.809e-01
-2.170e-01
-2.495e-01
-2.789e-01
-3.056e-01
-3.303e-01
-3.534e-01
-3.751e-01
-3.960e-01
-4.164e-01
-4.365e-01
-4.566e-01
-4.772e-01
-4.983e-01
-5.203e-01
-5.434e-01
-5.678e-01
-5.939e-01
-6.218e-01
-6.518e-01
-6.841e-01
-7.191e-01
-7.569e-01
-7.979e-01
-8.424e-01
-8.905e-01
-9.428e-01
-9.993e-01
-1.061e+00
-1.127e+00
-1.198e+00
-1.275e+00
-1.357e+00
-1.445e+00
-1.539e+00
-1.638e+00
-1.742e+00
-1.850e+00
-1.963e+00
-2.078e+00
-2.193e+00
-2.308e+00
-2.419e+00
-2.525e+00
-2.621e+00
-2.705e+00
-2.774e+00
-2.825e+00
-2.854e+00
-2.860e+00
-2.842e+00
-2.801e+00
-2.735e+00
-2.648e+00
-2.542e+00
-2.420e+00
-2.286e+00
-2.144e+00
-1.996e+00
-1.847e+00
-1.699e+00
-1.555e+00
-1.416e+00
-1.284e+00
-1.160e+00
-1.045e+00
-9.395e-01
-8.426e-01
-7.547e-01
-6.753e-01
-6.041e-01
-5.404e-01
-4.838e-01
-4.336e-01
-3.891e-01
-3.499e-01
-3.154e-01
-2.850e-01
-2.582e-01
-2.345e-01
-2.135e-01
-1.949e-01
-1.782e-01
-1.632e-01
-1.495e-01
-1.368e-01
-1.250e-01
-1.138e-01
-1.030e-01
-9.250e-02
-8.200e-02
-7.130e-02
-6.050e-02
-4.920e-02
-3.740e-02
-2.490e-02
-1.160e-02
2.680e-03
1.810e-02
3.470e-02
5.270e-02
7.240e-02
9.380e-02
1.172e-01
1.428e-01
1.708e-01
2.015e-01
2.351e-01
2.719e-01
3.122e-01
3.565e-01
4.049e-01
4.580e-01
5.161e-01
5.796e-01
6.489e-01
7.245e-01
8.068e-01
8.960e-01
9.925e-01
1.097e+00
1.208e+00
1.327e+00
1.453e+00
1.584e+00
1.721e+00
1.861e+00
2.002e+00
2.140e+00
2.273e+00
2.397e+00
2.506e+00
2.596e+00
2.663e+00
2.702e+00
2.711e+00
2.688e+00
2.632e+00
2.546e+00
2.431e+00
2.291e+00
2.132e+00
1.959e+00
1.777e+00
1.591e+00
1.405e+00
1.222e+00
1.047e+00
8.803e-01
7.239e-01
5.788e-01
4.453e-01
3.233e-01
2.126e-01
1.126e-01
2.270e-02
-5.790e-02
-1.301e-01
-1.947e-01
-2.526e-01
-3.046e-01
-3.515e-01
-3.941e-01
-4.331e-01
-4.691e-01
-5.027e-01
-5.346e-01
-5.652e-01
-5.950e-01
-6.245e-01
-6.541e-01
-6.841e-01
-7.150e-01
-7.470e-01
-7.804e-01
-8.157e-01
-8.530e-01
-8.927e-01
-9.351e-01
-9.803e-01
-1.029e+00
-1.080e+00
-1.136e+00
-1.195e+00
-1.258e+00
-1.325e+00
-1.396e+00
-1.472e+00
-1.551e+00
-1.634e+00
-1.720e+00
-1.809e+00
-1.900e+00
-1.993e+00
-2.085e+00
-2.176e+00
-2.264e+00
-2.347e+00
-2.423e+00
-2.490e+00
-2.546e+00
-2.589e+00
-2.618e+00
-2.630e+00
-2.625e+00
-2.602e+00
-2.563e+00
-2.507e+00
-2.436e+00
-2.352e+00
-2.257e+00
-2.154e+00
-2.044e+00
-1.931e+00
-1.816e+00
-1.701e+00
-1.589e+00
-1.480e+00
-1.377e+00
-1.279e+00
-1.187e+00
-1.102e+00
-1.025e+00
-9.536e-01
-8.895e-01
-8.321e-01
-7.811e-01
-7.361e-01
-6.968e-01
-6.629e-01
-6.340e-01
-6.096e-01
-5.896e-01
-5.735e-01
-5.612e-01
-5.522e-01
-5.464e-01
-5.436e-01
-5.436e-01
-5.464e-01
-5.516e-01
-5.594e-01
-5.697e-01
-5.824e-01
-5.975e-01
-6.151e-01
-6.353e-01
-6.581e-01
-6.836e-01
-7.120e-01
-7.434e-01
-7.780e-01
-8.160e-01
-8.576e-01
-9.031e-01
-9.526e-01
-1.006e+00
-1.065e+00
-1.128e+00
-1.196e+00
-1.270e+00
-1.349e+00
-1.433e+00
-1.522e+00
-1.617e+00
-1.717e+00
-1.821e+00
-1.929e+00
-2.039e+00
-2.150e+00
-2.260e+00
-2.368e+00
-2.471e+00
-2.565e+00
-2.649e+00
-2.718e+00
-2.771e+00
-2.805e+00
-2.818e+00
-2.808e+00
-2.775e+00
-2.719e+00
-2.643e+00
-2.547e+00
-2.436e+00
-2.312e+00
-2.179e+00
-2.039e+00
-1.897e+00
-1.754e+00
-1.615e+00
-1.479e+00
-1.350e+00
-1.228e+00
-1.115e+00
-1.009e+00
-9.126e-01
-8.246e-01
-7.449e-01
-6.733e-01
-6.091e-01
-5.521e-01
-5.015e-01
-4.569e-01
-4.177e-01
-3.833e-01
-3.533e-01
-3.272e-01
-3.045e-01
-2.847e-01
-2.677e-01
-2.529e-01
-2.400e-01
-2.289e-01
-2.193e-01
-2.109e-01
-2.035e-01
-1.970e-01
-1.912e-01
-1.860e-01
-1.813e-01
-1.770e-01
-1.729e-01
-1.691e-01
-1.653e-01
-1.616e-01
-1.579e-01
-1.541e-01
-1.502e-01
-1.462e-01
-1.418e-01
-1.373e-01
-1.323e-01
-1.270e-01
-1.212e-01
-1.149e-01
-1.081e-01
-1.006e-01
-9.240e-02
-8.330e-02
-7.340e-02
-6.250e-02
-5.040e-02
-3.720e-02
-2.250e-02
-6.400e-03
1.140e-02
3.110e-02
5.290e-02
7.690e-02
1.035e-01
1.329e-01
1.655e-01
2.014e-01
2.412e-01
2.852e-01
3.338e-01
3.876e-01
4.469e-01
5.123e-01
5.844e-01
6.638e-01
7.510e-01
8.465e-01
9.508e-01
1.064e+00
1.187e+00
1.320e+00
1.461e+00
1.611e+00
1.769e+00
1.931e+00
2.096e+00
2.260e+00
2.419e+00
2.566e+00
2.697e+00
2.804e+00
2.881e+00
2.923e+00
2.927e+00
2.889e+00
2.811e+00
2.694e+00
2.543e+00
2.363e+00
2.163e+00
1.948e+00
1.726e+00
1.503e+00
1.283e+00
1.071e+00
8.695e-01
6.808e-01
5.060e-01
3.454e-01
1.990e-01
6.650e-02
-5.300e-02
-1.604e-01
-2.566e-01
-3.427e-01
-4.200e-01
-4.893e-01
-5.518e-01
-6.085e-01
-6.603e-01
-7.080e-01
-7.524e-01
-7.943e-01
-8.344e-01
-8.732e-01
-9.112e-01
-9.490e-01
-9.870e-01
-1.026e+00
-1.065e+00
-1.106e+00
-1.148e+00
-1.192e+00
-1.238e+00
-1.286e+00
-1.337e+00
-1.389e+00
-1.444e+00
-1.501e+00
-1.560e+00
-1.621e+00
-1.683e+00
-1.747e+00
-1.811e+00
-1.875e+00
-1.938e+00
-2.001e+00
-2.060e+00
-2.117e+00
-2.169e+00
-2.216e+00
-2.256e+00
-2.289e+00
-2.313e+00
-2.328e+00
-2.334e+00
-2.329e+00
-2.314e+00
-2.289e+00
-2.255e+00
-2.211e+00
-2.160e+00
-2.101e+00
-2.037e+00
-1.969e+00
-1.897e+00
-1.823e+00
-1.748e+00
-1.674e+00
-1.601e+00
-1.530e+00
-1.462e+00
-1.398e+00
-1.337e+00
-1.281e+00
-1.229e+00
-1.182e+00
-1.139e+00
-1.102e+00
-1.069e+00
-1.040e+00
-1.016e+00
-9.967e-01
-9.815e-01
-9.703e-01
-9.632e-01
-9.599e-01
-9.604e-01
-9.646e-01
-9.724e-01
-9.836e-01
-9.983e-01
-1.016e+00
-1.038e+00
-1.063e+00
-1.091e+00
-1.123e+00
-1.158e+00
-1.196e+00
-1.238e+00
-1.284e+00
-1.332e+00
-1.384e+00
-1.440e+00
-1.498e+00
-1.559e+00
-1.623e+00
-1.689e+00
-1.757e+00
-1.826e+00
-1.895e+00
-1.964e+00
-2.033e+00
-2.098e+00
-2.161e+00
-2.219e+00
-2.271e+00
-2.316e+00
-2.352e+00
-2.379e+00
-2.395e+00
-2.401e+00
-2.395e+00
-2.377e+00
-2.348e+00
-2.308e+00
-2.258e+00
-2.199e+00
-2.132e+00
-2.059e+00
-1.981e+00
-1.900e+00
-1.817e+00
-1.734e+00
-1.651e+00
-1.571e+00
-1.493e+00
-1.418e+00
-1.348e+00
-1.282e+00
-1.221e+00
-1.165e+00
-1.114e+00
-1.069e+00
-1.029e+00
-9.933e-01
-9.629e-01
-9.372e-01
-9.161e-01
-8.995e-01
-8.870e-01
-8.786e-01
-8.742e-01
-8.735e-01
-8.765e-01
-8.830e-01
-8.930e-01
-9.064e-01
-9.233e-01
-9.434e-01
-9.670e-01
-9.939e-01
-1.024e+00
-1.058e+00
-1.095e+00
-1.136e+00
-1.181e+00
-1.229e+00
-1.281e+00
-1.336e+00
-1.395e+00
-1.458e+00
-1.524e+00
-1.593e+00
-1.665e+00
-1.739e+00
-1.816e+00
-1.893e+00
-1.971e+00
-2.047e+00
-2.122e+00
-2.194e+00
-2.261e+00
-2.322e+00
-2.375e+00
-2.419e+00
-2.453e+00
-2.474e+00
-2.483e+00
-2.478e+00
-2.460e+00
-2.428e+00
-2.384e+00
-2.328e+00
-2.261e+00
-2.185e+00
-2.102e+00
-2.014e+00
-1.922e+00
-1.828e+00
-1.733e+00
-1.640e+00
-1.549e+00
-1.462e+00
-1.378e+00
-1.300e+00
-1.226e+00
-1.159e+00
-1.097e+00
-1.041e+00
-9.903e-01
-9.455e-01
-9.062e-01
-8.721e-01
-8.431e-01
-8.189e-01
-7.992e-01
-7.839e-01
-7.727e-01
-7.654e-01
-7.618e-01
-7.619e-01
-7.654e-01
-7.722e-01
-7.823e-01
-7.956e-01
-8.122e-01
-8.319e-01
-8.548e-01
-8.811e-01
-9.106e-01
-9.435e-01
-9.799e-01
-1.020e+00
-1.064e+00
-1.111e+00
-1.163e+00
-1.218e+00
-1.278e+00
-1.342e+00
-1.409e+00
-1.481e+00
-1.557e+00
-1.636e+00
-1.719e+00
-1.804e+00
-1.891e+00
-1.979e+00
-2.068e+00
-2.154e+00
-2.238e+00
-2.317e+00
-2.390e+00
-2.454e+00
-2.508e+00
-2.550e+00
-2.578e+00
-2.591e+00
-2.587e+00
-2.568e+00
-2.532e+00
-2.481e+00
-2.416e+00
-2.337e+00
-2.249e+00
-2.152e+00
-2.048e+00
-1.941e+00
-1.831e+00
-1.722e+00
-1.615e+00
-1.510e+00
-1.410e+00
-1.316e+00
-1.227e+00
-1.144e+00
-1.069e+00
-9.992e-01
-9.365e-01
-8.803e-01
-8.302e-01
-7.861e-01
-7.477e-01
-7.145e-01
-6.864e-01
-6.629e-01
-6.437e-01
-6.286e-01
-6.174e-01
-6.096e-01
-6.052e-01
-6.040e-01
-6.057e-01
-6.104e-01
-6.178e-01
-6.280e-01
-6.409e-01
-6.565e-01
-6.748e-01
-6.959e-01
-7.199e-01
-7.468e-01
-7.767e-01
-8.099e-01
-8.464e-01
-8.865e-01
-9.303e-01
-9.780e-01
-1.030e+00
-1.086e+00
-1.147e+00
-1.213e+00
-1.283e+00
-1.358e+00
-1.439e+00
-1.524e+00
-1.614e+00
-1.708e+00
-1.807e+00
-1.908e+00
-2.012e+00
-2.116e+00
-2.220e+00
-2.321e+00
-2.417e+00
-2.506e+00
-2.585e+00
-2.651e+00
-2.702e+00
-2.736e+00
-2.751e+00
-2.745e+00
-2.719e+00
-2.671e+00
-2.605e+00
-2.520e+00
-2.421e+00
-2.308e+00
-2.186e+00
-2.058e+00
-1.926e+00
-1.794e+00
-1.662e+00
-1.535e+00
-1.412e+00
-1.296e+00
-1.186e+00
-1.085e+00
-9.914e-01
-9.059e-01
-8.283e-01
-7.583e-01
-6.957e-01
-6.400e-01
-5.907e-01
-5.473e-01
-5.094e-01
-4.765e-01
-4.481e-01
-4.238e-01
-4.032e-01
-3.860e-01
-3.716e-01
-3.600e-01
-3.508e-01
-3.437e-01
-3.386e-01
-3.352e-01
-3.335e-01
-3.333e-01
-3.345e-01
-3.370e-01
-3.408e-01
-3.458e-01
-3.520e-01
-3.595e-01
-3.682e-01
-3.782e-01
-3.895e-01
-4.023e-01
-4.165e-01
-4.323e-01
-4.498e-01
-4.692e-01
-4.905e-01
-5.141e-01
-5.400e-01
-5.685e-01
-5.998e-01
-6.343e-01
-6.721e-01
-7.136e-01
-7.591e-01
-8.091e-01
-8.638e-01
-9.236e-01
-9.891e-01
-1.061e+00
-1.138e+00
-1.223e+00
-1.315e+00
-1.414e+00
-1.520e+00
-1.634e+00
-1.756e+00
-1.884e+00
-2.017e+00
-2.155e+00
-2.295e+00
-2.435e+00
-2.572e+00
-2.702e+00
-2.821e+00
-2.923e+00
-3.006e+00
-3.063e+00
-3.092e+00
-3.089e+00
-3.054e+00
-2.988e+00
-2.891e+00
-2.767e+00
-2.620e+00
-2.456e+00
-2.279e+00
-2.095e+00
-1.909e+00
-1.724e+00
-1.544e+00
-1.372e+00
-1.209e+00
-1.057e+00
-9.158e-01
-7.866e-01
-6.688e-01
-5.621e-01
-4.659e-01
-3.795e-01
-3.021e-01
-2.327e-01
-1.707e-01
-1.150e-01
-6.500e-02
-1.980e-02
2.140e-02
5.910e-02
9.420e-02
1.271e-01
1.583e-01
1.885e-01
2.181e-01
2.475e-01
2.770e-01
3.072e-01
3.383e-01
3.706e-01
4.045e-01
4.403e-01
4.783e-01
5.188e-01
5.619e-01
6.080e-01
6.574e-01
7.102e-01
7.667e-01
8.270e-01
8.913e-01
9.597e-01
1.032e+00
1.109e+00
1.189e+00
1.273e+00
1.361e+00
1.451e+00
1.543e+00
1.635e+00
1.728e+00
1.818e+00
1.905e+00
1.987e+00
2.061e+00
2.125e+00
2.178e+00
2.217e+00
2.241e+00
2.248e+00
2.239e+00
2.211e+00
2.167e+00
2.106e+00
2.031e+00
1.943e+00
1.845e+00
1.739e+00
1.628e+00
1.513e+00
1.398e+00
1.283e+00
1.172e+00
1.064e+00
9.618e-01
8.654e-01
7.755e-01
6.925e-01
6.164e-01
5.473e-01
4.850e-01
4.293e-01
3.800e-01
3.365e-01
2.988e-01
2.662e-01
2.385e-01
2.154e-01
1.964e-01
1.813e-01
1.699e-01
1.617e-01
1.567e-01
1.546e-01
1.552e-01
1.585e-01
1.644e-01
1.727e-01
1.834e-01
1.965e-01
2.121e-01
2.301e-01
2.507e-01
2.740e-01
2.999e-01
3.288e-01
3.606e-01
3.957e-01
4.343e-01
4.764e-01
5.225e-01
5.726e-01
6.271e-01
6.863e-01
7.502e-01
8.193e-01
8.936e-01
9.733e-01
1.058e+00
1.149e+00
1.245e+00
1.345e+00
1.450e+00
1.559e+00
1.670e+00
1.781e+00
1.892e+00
2.000e+00
2.102e+00
2.196e+00
2.278e+00
2.347e+00
2.397e+00
2.429e+00
2.438e+00
2.425e+00
2.389e+00
2.330e+00
2.250e+00
2.152e+00
2.038e+00
1.912e+00
1.777e+00
1.636e+00
1.493e+00
1.350e+00
1.210e+00
1.075e+00
9.460e-01
8.247e-01
7.116e-01
6.071e-01
5.112e-01
4.240e-01
3.452e-01
2.743e-01
2.110e-01
1.546e-01
1.047e-01
6.070e-02
2.200e-02
-1.190e-02
-4.160e-02
-6.750e-02
-9.000e-02
-1.095e-01
-1.266e-01
-1.414e-01
-1.542e-01
-1.655e-01
-1.753e-01
-1.840e-01
-1.917e-01
-1.986e-01
-2.049e-01
-2.106e-01
-2.159e-01
-2.210e-01
-2.258e-01
-2.306e-01
-2.353e-01
-2.401e-01
-2.450e-01
-2.501e-01
-2.555e-01
-2.611e-01
-2.672e-01
-2.738e-01
-2.808e-01
-2.885e-01
-2.969e-01
-3.060e-01
-3.160e-01
-3.270e-01
-3.390e-01
-3.522e-01
-3.668e-01
-3.828e-01
-4.004e-01
-4.199e-01
-4.413e-01
-4.650e-01
-4.911e-01
-5.199e-01
-5.517e-01
-5.869e-01
-6.257e-01
-6.685e-01
-7.158e-01
-7.679e-01
-8.254e-01
-8.888e-01
-9.585e-01
-1.035e+00
-1.119e+00
-1.211e+00
-1.312e+00
-1.421e+00
-1.539e+00
-1.666e+00
-1.803e+00
-1.947e+00
-2.099e+00
-2.256e+00
-2.416e+00
-2.576e+00
-2.732e+00
-2.878e+00
-3.010e+00
-3.121e+00
-3.206e+00
-3.258e+00
-3.274e+00
-3.251e+00
-3.189e+00
-3.088e+00
-2.953e+00
-2.789e+00
-2.602e+00
-2.399e+00
-2.186e+00
-1.970e+00
-1.755e+00
-1.546e+00
-1.346e+00
-1.157e+00
-9.818e-01
-8.199e-01
-6.717e-01
-5.370e-01
-4.154e-01
-3.058e-01
-2.076e-01
-1.195e-01
-4.060e-02
3.020e-02
9.390e-02
1.514e-01
2.038e-01
2.519e-01
2.965e-01
3.383e-01
3.780e-01
4.162e-01
4.534e-01
4.903e-01
5.273e-01
5.647e-01
6.029e-01
6.424e-01
6.833e-01
7.260e-01
7.708e-01
8.177e-01
8.670e-01
9.187e-01
9.730e-01
1.030e+00
1.089e+00
1.151e+00
1.215e+00
1.281e+00
1.349e+00
1.417e+00
1.487e+00
1.555e+00
1.623e+00
1.689e+00
1.751e+00
1.809e+00
1.862e+00
1.908e+00
1.945e+00
1.974e+00
1.993e+00
2.001e+00
1.998e+00
1.984e+00
1.958e+00
1.922e+00
1.876e+00
1.820e+00
1.757e+00
1.687e+00
1.612e+00
1.534e+00
1.453e+00
1.372e+00
1.291e+00
1.211e+00
1.134e+00
1.060e+00
9.899e-01
9.241e-01
8.630e-01
8.069e-01
7.557e-01
7.096e-01
6.687e-01
6.327e-01
6.015e-01
5.752e-01
5.534e-01
5.360e-01
5.229e-01
5.138e-01
5.087e-01
5.075e-01
5.099e-01
5.159e-01
5.254e-01
5.383e-01
5.547e-01
5.744e-01
5.976e-01
6.241e-01
6.540e-01
6.874e-01
7.242e-01
7.646e-01
8.086e-01
8.562e-01
9.073e-01
9.621e-01
1.020e+00
1.082e+00
1.147e+00
1.215e+00
1.286e+00
1.359e+00
1.434e+00
1.509e+00
1.585e+00
1.660e+00
1.733e+00
1.803e+00
1.868e+00
1.927e+00
1.978e+00
2.021e+00
2.052e+00
2.073e+00
2.081e+00
2.076e+00
2.058e+00
2.027e+00
1.983e+00
1.928e+00
1.863e+00
1.790e+00
1.709e+00
1.623e+00
1.533e+00
1.441e+00
1.349e+00
1.258e+00
1.170e+00
1.084e+00
1.003e+00
9.259e-01
8.543e-01
7.880e-01
7.274e-01
6.724e-01
6.230e-01
5.792e-01
5.407e-01
5.074e-01
4.791e-01
4.556e-01
4.366e-01
4.219e-01
4.113e-01
4.046e-01
4.017e-01
4.024e-01
4.066e-01
4.142e-01
4.251e-01
4.393e-01
4.567e-01
4.774e-01
5.013e-01
5.285e-01
5.591e-01
5.932e-01
6.308e-01
6.720e-01
7.169e-01
7.657e-01
8.184e-01
8.750e-01
9.357e-01
1.000e+00
1.069e+00
1.141e+00
1.217e+00
1.297e+00
1.379e+00
1.463e+00
1.549e+00
1.634e+00
1.720e+00
1.802e+00
1.882e+00
1.955e+00
2.022e+00
2.079e+00
2.125e+00
2.158e+00
2.178e+00
2.183e+00
2.172e+00
2.145e+00
2.103e+00
2.046e+00
1.977e+00
1.896e+00
1.806e+00
1.709e+00
1.607e+00
1.502e+00
1.396e+00
1.291e+00
1.188e+00
1.088e+00
9.932e-01
9.036e-01
8.199e-01
7.425e-01
6.714e-01
6.068e-01
5.485e-01
4.965e-01
4.504e-01
4.101e-01
3.751e-01
3.453e-01
3.203e-01
2.998e-01
2.835e-01
2.712e-01
2.626e-01
2.575e-01
2.557e-01
2.571e-01
2.615e-01
2.689e-01
2.792e-01
2.923e-01
3.082e-01
3.270e-01
3.487e-01
3.734e-01
4.011e-01
4.320e-01
4.662e-01
5.039e-01
5.451e-01
5.902e-01
6.393e-01
6.925e-01
7.501e-01
8.122e-01
8.789e-01
9.503e-01
1.027e+00
1.108e+00
1.193e+00
1.283e+00
1.377e+00
1.474e+00
1.573e+00
1.673e+00
1.774e+00
1.872e+00
1.967e+00
2.055e+00
2.135e+00
2.205e+00
2.261e+00
2.301e+00
2.324e+00
2.328e+00
2.313e+00
2.278e+00
2.224e+00
2.152e+00
2.064e+00
1.963e+00
1.851e+00
1.731e+00
1.607e+00
1.480e+00
1.353e+00
1.228e+00
1.108e+00
9.923e-01
8.832e-01
7.811e-01
6.865e-01
5.995e-01
5.202e-01
4.484e-01
3.839e-01
3.263e-01
2.753e-01
2.303e-01
1.910e-01
1.570e-01
1.277e-01
1.028e-01
8.180e-02
6.450e-02
5.040e-02
3.930e-02
3.100e-02
2.510e-02
2.150e-02
2.000e-02
2.050e-02
2.290e-02
2.710e-02
3.300e-02
4.060e-02
4.990e-02
6.090e-02
7.360e-02
8.810e-02
1.045e-01
1.229e-01
1.433e-01
1.660e-01
1.910e-01
2.186e-01
2.490e-01
2.824e-01
3.190e-01
3.591e-01
4.030e-01
4.510e-01
5.035e-01
5.608e-01
6.231e-01
6.910e-01
7.646e-01
8.444e-01
9.305e-01
1.023e+00
1.123e+00
1.228e+00
1.341e+00
1.459e+00
1.582e+00
1.708e+00
1.837e+00
1.966e+00
2.092e+00
2.212e+00
2.323e+00
2.420e+00
2.501e+00
2.560e+00
2.595e+00
2.603e+00
2.583e+00
2.534e+00
2.458e+00
2.356e+00
2.233e+00
2.092e+00
1.938e+00
1.774e+00
1.606e+00
1.437e+00
1.271e+00
1.109e+00
9.551e-01
8.098e-01
6.743e-01
5.489e-01
4.340e-01
3.294e-01
2.347e-01
1.493e-01
7.280e-02
4.290e-03
-5.690e-02
-1.114e-01
-1.601e-01
-2.036e-01
-2.426e-01
-2.778e-01
-3.097e-01
-3.389e-01
-3.659e-01
-3.912e-01
-4.153e-01
-4.384e-01
-4.610e-01
-4.835e-01
-5.061e-01
-5.291e-01
-5.530e-01
-5.778e-01
-6.039e-01
-6.316e-01
-6.611e-01
-6.926e-01
-7.266e-01
-7.631e-01
-8.025e-01
-8.450e-01
-8.911e-01
-9.408e-01
-9.945e-01
-1.053e+00
-1.115e+00
-1.183e+00
-1.255e+00
-1.332e+00
-1.415e+00
-1.503e+00
-1.596e+00
-1.694e+00
-1.797e+00
-1.903e+00
-2.011e+00
-2.121e+00
-2.231e+00
-2.338e+00
-2.441e+00
-2.536e+00
-2.621e+00
-2.693e+00
-2.749e+00
-2.787e+00
-2.804e+00
-2.799e+00
-2.772e+00
-2.722e+00
-2.652e+00
-2.562e+00
-2.456e+00
-2.336e+00
-2.207e+00
-2.070e+00
-1.930e+00
-1.790e+00
-1.651e+00
-1.516e+00
-1.387e+00
-1.265e+00
-1.150e+00
-1.044e+00
-9.461e-01
-8.568e-01
-7.759e-01
-7.031e-01
-6.378e-01
-5.796e-01
-5.280e-01
-4.825e-01
-4.426e-01
-4.076e-01
-3.771e-01
-3.505e-01
-3.276e-01
-3.078e-01
-2.907e-01
-2.761e-01
-2.636e-01
-2.530e-01
-2.439e-01
-2.363e-01
-2.298e-01
-2.244e-01
-2.198e-01
-2.160e-01
-2.129e-01
-2.103e-01
-2.082e-01
-2.065e-01
-2.051e-01
-2.041e-01
-2.033e-01
-2.027e-01
-2.023e-01
-2.022e-01
-2.021e-01
-2.023e-01
-2.025e-01
-2.029e-01
-2.034e-01
-2.041e-01
-2.048e-01
-2.057e-01
-2.067e-01
-2.079e-01
-2.092e-01
-2.106e-01
-2.122e-01
-2.140e-01
-2.160e-01
-2.182e-01
-2.207e-01
-2.234e-01
-2.265e-01
-2.298e-01
-2.335e-01
-2.376e-01
-2.422e-01
-2.473e-01
-2.529e-01
-2.591e-01
-2.660e-01
-2.737e-01
-2.822e-01
-2.916e-01
-3.021e-01
-3.138e-01
-3.268e-01
-3.412e-01
-3.572e-01
-3.751e-01
-3.949e-01
-4.170e-01
-4.416e-01
-4.690e-01
-4.994e-01
-5.333e-01
-5.711e-01
-6.131e-01
-6.598e-01
-7.117e-01
-7.694e-01
-8.335e-01
-9.046e-01
-9.834e-01
-1.071e+00
-1.167e+00
-1.273e+00
-1.389e+00
-1.516e+00
-1.654e+00
-1.803e+00
-1.962e+00
-2.131e+00
-2.307e+00
-2.489e+00
-2.671e+00
-2.850e+00
-3.019e+00
-3.172e+00
-3.300e+00
-3.395e+00
-3.452e+00
-3.464e+00
-3.429e+00
-3.346e+00
-3.218e+00
-3.049e+00
-2.849e+00
-2.623e+00
-2.382e+00
-2.133e+00
-1.883e+00
-1.638e+00
-1.403e+00
-1.181e+00
-9.737e-01
-7.824e-01
-6.076e-01
-4.489e-01
-3.056e-01
-1.769e-01
-6.160e-02
4.140e-02
1.335e-01
2.159e-01
2.897e-01
3.562e-01
4.163e-01
4.711e-01
5.215e-01
5.684e-01
6.123e-01
6.541e-01
6.944e-01
7.335e-01
7.721e-01
8.105e-01
8.490e-01
8.879e-01
9.275e-01
9.679e-01
1.009e+00
1.052e+00
1.095e+00
1.140e+00
1.185e+00
1.231e+00
1.278e+00
1.325e+00
1.372e+00
1.419e+00
1.465e+00
1.510e+00
1.552e+00
1.593e+00
1.630e+00
1.664e+00
1.693e+00
1.718e+00
1.737e+00
1.751e+00
1.759e+00
1.760e+00
1.755e+00
1.743e+00
1.725e+00
1.701e+00
1.671e+00
1.636e+00
1.597e+00
1.554e+00
1.508e+00
1.460e+00
1.410e+00
1.359e+00
1.308e+00
1.258e+00
1.208e+00
1.160e+00
1.115e+00
1.071e+00
1.031e+00
9.935e-01
9.592e-01
9.283e-01
9.008e-01
8.769e-01
8.564e-01
8.396e-01
8.263e-01
8.165e-01
8.102e-01
8.072e-01
8.077e-01
8.114e-01
8.184e-01
8.286e-01
8.420e-01
8.584e-01
8.778e-01
9.002e-01
9.254e-01
9.535e-01
9.844e-01
1.018e+00
1.054e+00
1.092e+00
1.133e+00
1.176e+00
1.220e+00
1.266e+00
1.313e+00
1.361e+00
1.409e+00
1.458e+00
1.505e+00
1.551e+00
1.595e+00
1.637e+00
1.675e+00
1.709e+00
1.739e+00
1.763e+00
1.781e+00
1.793e+00
1.798e+00
1.796e+00
1.787e+00
1.770e+00
1.747e+00
1.718e+00
1.683e+00
1.642e+00
1.597e+00
1.548e+00
1.497e+00
1.443e+00
1.388e+00
1.333e+00
1.278e+00
1.223e+00
1.171e+00
1.120e+00
1.072e+00
1.027e+00
9.855e-01
9.470e-01
9.120e-01
8.807e-01
8.532e-01
8.294e-01
8.094e-01
7.932e-01
7.806e-01
7.717e-01
7.664e-01
7.647e-01
7.664e-01
7.715e-01
7.799e-01
7.916e-01
8.066e-01
8.247e-01
8.459e-01
8.702e-01
8.975e-01
9.278e-01
9.609e-01
9.969e-01
1.036e+00
1.077e+00
1.120e+00
1.166e+00
1.214e+00
1.263e+00
1.314e+00
1.366e+00
1.418e+00
1.470e+00
1.521e+00
1.572e+00
1.620e+00
1.665e+00
1.706e+00
1.743e+00
1.775e+00
1.801e+00
1.821e+00
1.833e+00
1.838e+00
1.835e+00
1.824e+00
1.806e+00
1.780e+00
1.746e+00
1.707e+00
1.662e+00
1.612e+00
1.558e+00
1.501e+00
1.442e+00
1.382e+00
1.321e+00
1.262e+00
1.203e+00
1.146e+00
1.092e+00
1.041e+00
9.929e-01
9.484e-01
9.076e-01
8.707e-01
8.377e-01
8.088e-01
7.839e-01
7.630e-01
7.460e-01
7.329e-01
7.236e-01
7.180e-01
7.161e-01
7.178e-01
7.230e-01
7.316e-01
7.436e-01
7.589e-01
7.775e-01
7.993e-01
8.244e-01
8.525e-01
8.838e-01
9.181e-01
9.554e-01
9.957e-01
1.039e+00
1.084e+00
1.133e+00
1.183e+00
1.236e+00
1.290e+00
1.345e+00
1.402e+00
1.458e+00
1.515e+00
1.570e+00
1.624e+00
1.674e+00
1.722e+00
1.765e+00
1.802e+00
1.833e+00
1.858e+00
1.874e+00
1.883e+00
1.883e+00
1.874e+00
1.856e+00
1.830e+00
1.796e+00
1.754e+00
1.706e+00
1.653e+00
1.594e+00
1.533e+00
1.468e+00
1.403e+00
1.336e+00
1.271e+00
1.206e+00
1.144e+00
1.084e+00
1.028e+00
9.748e-01
9.256e-01
8.805e-01
8.395e-01
8.029e-01
7.705e-01
7.424e-01
7.186e-01
6.989e-01
6.833e-01
6.717e-01
6.641e-01
6.602e-01
6.601e-01
6.635e-01
6.705e-01
6.811e-01
6.950e-01
7.123e-01
7.330e-01
7.569e-01
7.842e-01
8.147e-01
8.484e-01
8.854e-01
9.255e-01
9.687e-01
1.015e+00
1.064e+00
1.116e+00
1.171e+00
1.227e+00
1.286e+00
1.346e+00
1.408e+00
1.469e+00
1.531e+00
1.592e+00
1.650e+00
1.706e+00
1.759e+00
1.806e+00
1.848e+00
1.882e+00
1.909e+00
1.927e+00
1.936e+00
1.935e+00
1.925e+00
1.904e+00
1.874e+00
1.836e+00
1.789e+00
1.734e+00
1.674e+00
1.609e+00
1.540e+00
1.468e+00
1.395e+00
1.323e+00
1.251e+00
1.180e+00
1.112e+00
1.048e+00
9.866e-01
9.296e-01
8.768e-01
8.286e-01
7.849e-01
7.459e-01
7.116e-01
6.818e-01
6.565e-01
6.356e-01
6.190e-01
6.065e-01
5.981e-01
5.935e-01
5.927e-01
5.957e-01
6.022e-01
6.123e-01
6.258e-01
6.428e-01
6.631e-01
6.869e-01
7.140e-01
7.445e-01
7.783e-01
8.156e-01
8.562e-01
9.001e-01
9.474e-01
9.979e-01
1.052e+00
1.108e+00
1.168e+00
1.230e+00
1.294e+00
1.360e+00
1.428e+00
1.496e+00
1.564e+00
1.630e+00
1.695e+00
1.756e+00
1.814e+00
1.865e+00
1.910e+00
1.947e+00
1.975e+00
1.993e+00
2.000e+00
1.996e+00
1.981e+00
1.955e+00
1.918e+00
1.871e+00
1.815e+00
1.752e+00
1.682e+00
1.607e+00
1.529e+00
1.448e+00
1.367e+00
1.286e+00
1.207e+00
1.131e+00
1.057e+00
9.874e-01
9.220e-01
8.614e-01
8.057e-01
7.550e-01
7.093e-01
6.688e-01
6.332e-01
6.024e-01
5.764e-01
5.550e-01
5.379e-01
5.251e-01
5.164e-01
5.116e-01
5.106e-01
5.133e-01
5.196e-01
5.294e-01
5.426e-01
5.592e-01
5.793e-01
6.027e-01
6.295e-01
6.597e-01
6.933e-01
7.305e-01
7.712e-01
8.154e-01
8.633e-01
9.147e-01
9.697e-01
1.028e+00
1.090e+00
1.155e+00
1.223e+00
1.294e+00
1.367e+00
1.442e+00
1.517e+00
1.593e+00
1.667e+00
1.740e+00
1.809e+00
1.873e+00
1.931e+00
1.981e+00
2.022e+00
2.053e+00
2.072e+00
2.078e+00
2.072e+00
2.052e+00
2.020e+00
1.975e+00
1.920e+00
1.854e+00
1.780e+00
1.699e+00
1.612e+00
1.523e+00
1.431e+00
1.340e+00
1.249e+00
1.161e+00
1.077e+00
9.959e-01
9.200e-01
8.491e-01
7.837e-01
7.238e-01
6.696e-01
6.210e-01
5.779e-01
5.401e-01
5.075e-01
4.798e-01
4.569e-01
4.385e-01
4.243e-01
4.142e-01
4.081e-01
4.057e-01
4.068e-01
4.115e-01
4.196e-01
4.309e-01
4.456e-01
4.635e-01
4.846e-01
5.090e-01
5.368e-01
5.679e-01
6.025e-01
6.407e-01
6.825e-01
7.280e-01
7.774e-01
8.306e-01
8.879e-01
9.491e-01
1.014e+00
1.083e+00
1.156e+00
1.233e+00
1.312e+00
1.394e+00
1.479e+00
1.564e+00
1.649e+00
1.734e+00
1.816e+00
1.894e+00
1.966e+00
2.030e+00
2.085e+00
2.128e+00
2.159e+00
2.176e+00
2.178e+00
2.164e+00
2.135e+00
2.090e+00
2.032e+00
1.960e+00
1.878e+00
1.787e+00
1.690e+00
1.587e+00
1.483e+00
1.377e+00
1.273e+00
1.171e+00
1.072e+00
9.787e-01
8.906e-01
8.084e-01
7.324e-01
6.627e-01
5.995e-01
5.426e-01
4.919e-01
4.470e-01
4.079e-01
3.740e-01
3.452e-01
3.212e-01
3.016e-01
2.862e-01
2.747e-01
2.669e-01
2.626e-01
2.616e-01
2.637e-01
2.689e-01
2.770e-01
2.881e-01
3.019e-01
3.187e-01
3.383e-01
3.609e-01
3.864e-01
4.151e-01
4.470e-01
4.823e-01
5.210e-01
5.634e-01
6.097e-01
6.600e-01
7.146e-01
7.735e-01
8.369e-01
9.050e-01
9.778e-01
1.055e+00
1.138e+00
1.224e+00
1.315e+00
1.409e+00
1.507e+00
1.606e+00
1.706e+00
1.805e+00
1.902e+00
1.994e+00
2.079e+00
2.156e+00
2.220e+00
2.271e+00
2.305e+00
2.322e+00
2.319e+00
2.297e+00
2.256e+00
2.196e+00
2.119e+00
2.027e+00
1.923e+00
1.809e+00
1.689e+00
1.564e+00
1.438e+00
1.312e+00
1.190e+00
1.071e+00
9.586e-01
8.524e-01
7.533e-01
6.617e-01
5.777e-01
5.013e-01
4.323e-01
3.704e-01
3.154e-01
2.666e-01
2.239e-01
1.866e-01
1.544e-01
1.269e-01
1.036e-01
8.410e-02
6.810e-02
5.540e-02
4.560e-02
3.840e-02
3.370e-02
3.120e-02
3.090e-02
3.250e-02
3.600e-02
4.140e-02
4.850e-02
5.740e-02
6.800e-02
8.050e-02
9.470e-02
1.109e-01
1.290e-01
1.493e-01
1.718e-01
1.967e-01
2.241e-01
2.544e-01
2.876e-01
3.240e-01
3.639e-01
4.076e-01
4.554e-01
5.076e-01
5.645e-01
6.265e-01
6.939e-01
7.670e-01
8.461e-01
9.316e-01
1.023e+00
1.122e+00
1.227e+00
1.338e+00
1.454e+00
1.576e+00
1.701e+00
1.828e+00
1.956e+00
2.080e+00
2.199e+00
2.308e+00
2.405e+00
2.485e+00
2.544e+00
2.579e+00
2.588e+00
2.570e+00
2.523e+00
2.449e+00
2.351e+00
2.231e+00
2.092e+00
1.941e+00
1.780e+00
1.614e+00
1.448e+00
1.283e+00
1.124e+00
9.709e-01
8.267e-01
6.920e-01
5.674e-01
4.531e-01
3.489e-01
2.545e-01
1.694e-01
9.310e-02
2.480e-02
-3.620e-02
-9.050e-02
-1.389e-01
-1.822e-01
-2.209e-01
-2.556e-01
-2.871e-01
-3.158e-01
-3.422e-01
-3.669e-01
-3.901e-01
-4.124e-01
-4.340e-01
-4.554e-01
-4.768e-01
-4.985e-01
-5.209e-01
-5.441e-01
-5.684e-01
-5.942e-01
-6.216e-01
-6.509e-01
-6.824e-01
-7.163e-01
-7.529e-01
-7.925e-01
-8.353e-01
-8.816e-01
-9.317e-01
-9.860e-01
-1.045e+00
-1.108e+00
-1.176e+00
-1.250e+00
-1.328e+00
-1.413e+00
-1.502e+00
-1.597e+00
-1.697e+00
-1.802e+00
-1.910e+00
-2.021e+00
-2.134e+00
-2.246e+00
-2.356e+00
-2.461e+00
-2.559e+00
-2.646e+00
-2.720e+00
-2.777e+00
-2.814e+00
-2.831e+00
-2.824e+00
-2.795e+00
-2.742e+00
-2.668e+00
-2.574e+00
-2.463e+00
-2.339e+00
-2.204e+00
-2.063e+00
-1.919e+00
-1.774e+00
-1.632e+00
-1.494e+00
-1.362e+00
-1.238e+00
-1.122e+00
-1.014e+00
-9.147e-01
-8.245e-01
-7.427e-01
-6.691e-01
-6.032e-01
-5.445e-01
-4.924e-01
-4.464e-01
-4.058e-01
-3.702e-01
-3.390e-01
-3.118e-01
-2.879e-01
-2.671e-01
-2.489e-01
-2.330e-01
-2.191e-01
-2.068e-01
-1.959e-01
-1.861e-01
-1.773e-01
-1.693e-01
-1.619e-01
-1.550e-01
-1.484e-01
-1.420e-01
-1.356e-01
-1.293e-01
-1.229e-01
-1.162e-01
-1.093e-01
-1.020e-01
-9.420e-02
-8.590e-02
-7.690e-02
-6.720e-02
-5.670e-02
-4.520e-02
-3.270e-02
-1.900e-02
-4.000e-03
1.250e-02
3.060e-02
5.040e-02
7.230e-02
9.630e-02
1.228e-01
1.520e-01
1.841e-01
2.195e-01
2.585e-01
3.014e-01
3.487e-01
4.008e-01
4.580e-01
5.210e-01
5.901e-01
6.659e-01
7.488e-01
8.394e-01
9.380e-01
1.045e+00
1.160e+00
1.285e+00
1.417e+00
1.557e+00
1.704e+00
1.855e+00
2.009e+00
2.163e+00
2.312e+00
2.452e+00
2.579e+00
2.685e+00
2.766e+00
2.818e+00
2.835e+00
2.815e+00
2.758e+00
2.665e+00
2.539e+00
2.385e+00
2.209e+00
2.017e+00
1.814e+00
1.607e+00
1.401e+00
1.200e+00
1.006e+00
8.236e-01
6.528e-01
4.948e-01
3.499e-01
2.180e-01
9.850e-02
-9.130e-03
-1.058e-01
-1.925e-01
-2.702e-01
-3.399e-01
-4.025e-01
-4.590e-01
-5.103e-01
-5.572e-01
-6.005e-01
-6.410e-01
-6.793e-01
-7.160e-01
-7.516e-01
-7.868e-01
-8.219e-01
-8.574e-01
-8.937e-01
-9.312e-01
-9.701e-01
-1.011e+00
-1.054e+00
-1.099e+00
-1.146e+00
-1.196e+00
-1.250e+00
-1.306e+00
-1.365e+00
-1.427e+00
-1.492e+00
-1.560e+00
-1.630e+00
-1.703e+00
-1.777e+00
-1.853e+00
-1.928e+00
-2.004e+00
-2.078e+00
-2.149e+00
-2.216e+00
-2.278e+00
-2.333e+00
-2.379e+00
-2.416e+00
-2.442e+00
-2.456e+00
-2.458e+00
-2.446e+00
-2.421e+00
-2.384e+00
-2.335e+00
-2.276e+00
-2.207e+00
-2.130e+00
-2.047e+00
-1.960e+00
-1.870e+00
-1.778e+00
-1.688e+00
-1.598e+00
-1.512e+00
-1.429e+00
-1.351e+00
-1.277e+00
-1.209e+00
-1.146e+00
-1.088e+00
-1.037e+00
-9.904e-01
-9.496e-01
-9.141e-01
-8.836e-01
-8.580e-01
-8.370e-01
-8.204e-01
-8.081e-01
-7.997e-01
-7.952e-01
-7.944e-01
-7.971e-01
-8.032e-01
-8.128e-01
-8.256e-01
-8.417e-01
-8.610e-01
-8.837e-01
-9.096e-01
-9.389e-01
-9.716e-01
-1.008e+00
-1.048e+00
-1.091e+00
-1.138e+00
-1.189e+00
-1.244e+00
-1.303e+00
-1.366e+00
-1.433e+00
-1.504e+00
-1.578e+00
-1.656e+00
-1.737e+00
-1.820e+00
-1.904e+00
-1.989e+00
-2.074e+00
-2.157e+00
-2.237e+00
-2.311e+00
-2.379e+00
-2.439e+00
-2.488e+00
-2.526e+00
-2.550e+00
-2.559e+00
-2.553e+00
-2.532e+00
-2.495e+00
-2.444e+00
-2.380e+00
-2.304e+00
-2.218e+00
-2.124e+00
-2.024e+00
-1.921e+00
-1.816e+00
-1.711e+00
-1.608e+00
-1.509e+00
-1.413e+00
-1.322e+00
-1.237e+00
-1.159e+00
-1.086e+00
-1.020e+00
-9.597e-01
-9.061e-01
-8.584e-01
-8.165e-01
-7.801e-01
-7.489e-01
-7.226e-01
-7.009e-01
-6.835e-01
-6.701e-01
-6.606e-01
-6.547e-01
-6.521e-01
-6.529e-01
-6.567e-01
-6.635e-01
-6.733e-01
-6.860e-01
-7.015e-01
-7.199e-01
-7.413e-01
-7.657e-01
-7.931e-01
-8.237e-01
-8.576e-01
-8.950e-01
-9.360e-01
-9.808e-01
-1.029e+00
-1.082e+00
-1.140e+00
-1.201e+00
-1.267e+00
-1.338e+00
-1.414e+00
-1.494e+00
-1.579e+00
-1.668e+00
-1.760e+00
-1.856e+00
-1.954e+00
-2.054e+00
-2.153e+00
-2.250e+00
-2.343e+00
-2.430e+00
-2.510e+00
-2.578e+00
-2.633e+00
-2.673e+00
-2.696e+00
-2.700e+00
-2.686e+00
-2.651e+00
-2.598e+00
-2.528e+00
-2.442e+00
-2.343e+00
-2.233e+00
-2.115e+00
-1.993e+00
-1.868e+00
-1.743e+00
-1.620e+00
-1.500e+00
-1.386e+00
-1.278e+00
-1.177e+00
-1.083e+00
-9.970e-01
-9.183e-01
-8.470e-01
-7.830e-01
-7.258e-01
-6.751e-01
-6.305e-01
-5.916e-01
