  0.000000E+00           NaN           NaN           NaN           NaN           NaN           NaN           NaN           NaN           NaN           NaN
  0.000000E+00  0.000000E+00  0.000000E+00  0.000000E+00  0.000000E+00  0.100000E+01  0.000000E+00  0.000000E+00  0.000000E+00  0.000000E+00
  0.000000E+00           NaN           NaN           NaN           NaN           NaN           NaN           NaN           NaN           NaN           NaN
  0.000000E+00  0.000000E+00  0.000000E+00  0.000000E+00  0.000000E+00  0.100000E+01  0.000000E+00  0.000000E+00  0.000000E+00  0.000000E+00
  0.000000E+00           NaN           NaN           NaN           NaN           NaN           NaN           NaN           NaN           NaN           NaN
  0.000000E+00  0.000000E+00  0.000000E+00  0.000000E+00  0.000000E+00  0.100000E+01  0.000000E+00  0.000000E+00  0.000000E+00  0.000000E+00
  0.000000E+00           NaN           NaN           NaN           NaN           NaN           NaN           NaN           NaN           NaN           NaN
  0.000000E+00  0.000000E+00  0.000000E+00  0.000000E+00  0.000000E+00  0.100000E+01  0.000000E+00  0.000000E+00  0.000000E+00  0.000000E+00
  0.000000E+00           NaN           NaN           NaN           NaN           NaN           NaN           NaN           NaN           NaN           NaN
  0.000000E+00  0.000000E+00  0.000000E+00  0.000000E+00  0.000000E+00  0.100000E+01  0.000000E+00  0.000000E+00  0.000000E+00  0.000000E+00
  0.000000E+00           NaN           NaN           NaN           NaN           NaN           NaN           NaN           NaN           NaN           NaN
  0.000000E+00  0.000000E+00  0.000000E+00  0.000000E+00  0.000000E+00  0.100000E+01  0.000000E+00  0.000000E+00  0.000000E+00  0.000000E+00
  0.000000E+00           NaN           NaN           NaN           NaN           NaN           NaN           NaN           NaN           NaN           NaN
  0.000000E+00  0.000000E+00  0.000000E+00  0.000000E+00  0.000000E+00  0.100000E+01  0.000000E+00  0.000000E+00  0.000000E+00  0.000000E+00
  0.000000E+00           NaN           NaN           NaN           NaN           NaN           NaN           NaN           NaN           NaN           NaN
  0.000000E+00  0.000000E+00  0.000000E+00  0.000000E+00  0.000000E+00  0.100000E+01  0.000000E+00  0.000000E+00  0.000000E+00  0.000000E+00
  0.000000E+00           NaN           NaN           NaN           NaN           NaN           NaN           NaN           NaN           NaN           NaN
  0.000000E+00  0.000000E+00  0.000000E+00  0.000000E+00  0.000000E+00  0.100000E+01  0.000000E+00  0.000000E+00  0.000000E+00  0.000000E+00
  0.000000E+00           NaN           NaN           NaN           NaN           NaN           NaN           NaN           NaN           NaN           NaN
  0.000000E+00  0.000000E+00  0.000000E+00  0.000000E+00  0.000000E+00  0.100000E+01  0.000000E+00  0.000000E+00  0.000000E+00  0.000000E+00
  0.000000E+00           NaN           NaN           NaN           NaN           NaN           NaN           NaN           NaN           NaN           NaN
  0.000000E+00  0.000000E+00  0.000000E+00  0.000000E+00  0.000000E+00  0.100000E+01  0.000000E+00  0.000000E+00  0.000000E+00  0.000000E+00
  0.000000E+00           NaN           NaN           NaN           NaN           NaN           NaN           NaN           NaN           NaN           NaN
  0.000000E+00  0.000000E+00  0.000000E+00  0.000000E+00  0.000000E+00  0.100000E+01  0.000000E+00  0.000000E+00  0.000000E+00  0.000000E+00
  0.000000E+00           NaN           NaN           NaN           NaN           NaN           NaN           NaN           NaN           NaN           NaN
  0.000000E+00  0.000000E+00  0.000000E+00  0.000000E+00  0.000000E+00  0.100000E+01  0.000000E+00  0.000000E+00  0.000000E+00  0.000000E+00
  0.000000E+00           NaN           NaN           NaN           NaN           NaN           NaN           NaN           NaN           NaN           NaN
  0.000000E+00  0.000000E+00  0.000000E+00  0.000000E+00  0.000000E+00  0.100000E+01  0.000000E+00  0.000000E+00  0.000000E+00  0.000000E+00
  0.000000E+00           NaN           NaN           NaN           NaN           NaN           NaN           NaN           NaN           NaN           NaN
  0.000000E+00  0.000000E+00  0.000000E+00  0.000000E+00  0.000000E+00  0.100000E+01  0.000000E+00  0.000000E+00  0.000000E+00  0.000000E+00
  0.000000E+00           NaN           NaN           NaN           NaN           NaN           NaN           NaN           NaN           NaN           NaN
  0.000000E+00  0.000000E+00  0.000000E+00  0.000000E+00  0.000000E+00  0.100000E+01  0.000000E+00  0.000000E+00  0.000000E+00  0.000000E+00
  0.000000E+00           NaN           NaN           NaN           NaN           NaN           NaN           NaN           NaN           NaN           NaN
  0.000000E+00  0.000000E+00  0.000000E+00  0.000000E+00  0.000000E+00  0.100000E+01  0.000000E+00  0.000000E+00  0.000000E+00  0.000000E+00
  0.000000E+00           NaN           NaN           NaN           NaN           NaN           NaN           NaN           NaN           NaN           NaN
  0.000000E+00  0.000000E+00  0.000000E+00  0.000000E+00  0.000000E+00  0.100000E+01  0.000000E+00  0.000000E+00  0.000000E+00  0.000000E+00
  0.000000E+00           NaN           NaN           NaN           NaN           NaN           NaN           NaN           NaN           NaN           NaN
  0.000000E+00  0.000000E+00  0.000000E+00  0.000000E+00  0.000000E+00  0.100000E+01  0.000000E+00  0.000000E+00  0.000000E+00  0.000000E+00
  0.000000E+00           NaN           NaN           NaN           NaN           NaN           NaN           NaN           NaN           NaN           NaN
  0.000000E+00  0.000000E+00  0.000000E+00  0.000000E+00  0.000000E+00  0.100000E+01  0.000000E+00  0.000000E+00  0.000000E+00  0.000000E+00
  0.000000E+00           NaN           NaN           NaN           NaN           NaN           NaN           NaN           NaN           NaN           NaN
  0.000000E+00  0.000000E+00  0.000000E+00  0.000000E+00  0.000000E+00  0.100000E+01  0.000000E+00  0.000000E+00  0.000000E+00  0.000000E+00
  0.000000E+00           NaN           NaN           NaN           NaN           NaN           NaN           NaN           NaN           NaN           NaN
  0.000000E+00  0.000000E+00  0.000000E+00  0.000000E+00  0.000000E+00  0.100000E+01  0.000000E+00  0.000000E+00  0.000000E+00  0.000000E+00
  0.000000E+00           NaN           NaN           NaN           NaN           NaN           NaN           NaN           NaN           NaN           NaN
  0.000000E+00  0.000000E+00  0.000000E+00  0.000000E+00  0.000000E+00  0.100000E+01  0.000000E+00  0.000000E+00  0.000000E+00  0.000000E+00
  0.000000E+00           NaN           NaN           NaN           NaN           NaN           NaN           NaN           NaN           NaN           NaN
  0.000000E+00  0.000000E+00  0.000000E+00  0.000000E+00  0.000000E+00  0.100000E+01  0.000000E+00  0.000000E+00  0.000000E+00  0.000000E+00
  0.000000E+00           NaN           NaN           NaN           NaN           NaN           NaN           NaN           NaN           NaN           NaN
  0.000000E+00  0.000000E+00  0.000000E+00  0.000000E+00  0.000000E+00  0.100000E+01  0.000000E+00  0.000000E+00  0.000000E+00  0.000000E+00
  0.000000E+00           NaN           NaN           NaN           NaN           NaN           NaN           NaN           NaN           NaN           NaN
  0.000000E+00  0.000000E+00  0.000000E+00  0.000000E+00  0.000000E+00  0.100000E+01  0.000000E+00  0.000000E+00  0.000000E+00  0.000000E+00
  0.000000E+00           NaN           NaN           NaN           NaN           NaN           NaN           NaN           NaN           NaN           NaN
  0.000000E+00  0.000000E+00  0.000000E+00  0.000000E+00  0.000000E+00  0.100000E+01  0.000000E+00  0.000000E+00  0.000000E+00  0.000000E+00
  0.000000E+00           NaN           NaN           NaN           NaN           NaN           NaN           NaN           NaN           NaN           NaN
  0.000000E+00  0.000000E+00  0.000000E+00  0.000000E+00  0.000000E+00  0.100000E+01  0.000000E+00  0.000000E+00  0.000000E+00  0.000000E+00
  0.000000E+00           NaN           NaN           NaN           NaN           NaN           NaN           NaN           NaN           NaN           NaN
  0.000000E+00  0.000000E+00  0.000000E+00  0.000000E+00  0.000000E+00  0.100000E+01  0.000000E+00  0.000000E+00  0.000000E+00  0.000000E+00
  0.000000E+00           NaN           NaN           NaN           NaN           NaN           NaN           NaN           NaN           NaN           NaN
  0.000000E+00  0.000000E+00  0.000000E+00  0.000000E+00  0.000000E+00  0.100000E+01  0.000000E+00  0.000000E+00  0.000000E+00  0.000000E+00
  0.000000E+00           NaN           NaN           NaN           NaN           NaN           NaN           NaN           NaN           NaN           NaN
  0.000000E+00  0.000000E+00  0.000000E+00  0.000000E+00  0.000000E+00  0.100000E+01  0.000000E+00  0.000000E+00  0.000000E+00  0.000000E+00
  0.000000E+00           NaN           NaN           NaN           NaN           NaN           NaN           NaN           NaN           NaN           NaN
  0.000000E+00  0.000000E+00  0.000000E+00  0.000000E+00  0.000000E+00  0.100000E+01  0.000000E+00  0.000000E+00  0.000000E+00  0.000000E+00
  0.000000E+00           NaN           NaN           NaN           NaN           NaN           NaN           NaN           NaN           NaN           NaN
  0.000000E+00  0.000000E+00  0.000000E+00  0.000000E+00  0.000000E+00  0.100000E+01  0.000000E+00  0.000000E+00  0.000000E+00  0.000000E+00
  0.000000E+00           NaN           NaN           NaN           NaN           NaN           NaN           NaN           NaN           NaN           NaN
  0.000000E+00  0.000000E+00  0.000000E+00  0.000000E+00  0.000000E+00  0.100000E+01  0.000000E+00  0.000000E+00  0.000000E+00  0.000000E+00
  0.000000E+00           NaN           NaN           NaN           NaN           NaN           NaN           NaN           NaN           NaN           NaN
  0.000000E+00  0.000000E+00  0.000000E+00  0.000000E+00  0.000000E+00  0.100000E+01  0.000000E+00  0.000000E+00  0.000000E+00  0.000000E+00
  0.000000E+00           NaN           NaN           NaN           NaN           NaN           NaN           NaN           NaN           NaN           NaN
  0.000000E+00  0.000000E+00  0.000000E+00  0.000000E+00  0.000000E+00  0.100000E+01  0.000000E+00  0.000000E+00  0.000000E+00  0.000000E+00
  0.000000E+00           NaN           NaN           NaN           NaN           NaN           NaN           NaN           NaN           NaN           NaN
  0.000000E+00  0.000000E+00  0.000000E+00  0.000000E+00  0.000000E+00  0.100000E+01  0.000000E+00  0.000000E+00  0.000000E+00  0.000000E+00
  0.000000E+00           NaN           NaN           NaN           NaN           NaN           NaN           NaN           NaN           NaN           NaN
  0.000000E+00  0.000000E+00  0.000000E+00  0.000000E+00  0.000000E+00  0.100000E+01  0.000000E+00  0.000000E+00  0.000000E+00  0.000000E+00
  0.000000E+00           NaN           NaN           NaN           NaN           NaN           NaN           NaN           NaN           NaN           NaN
  0.000000E+00  0.000000E+00  0.000000E+00  0.000000E+00  0.000000E+00  0.100000E+01  0.000000E+00  0.000000E+00  0.000000E+00  0.000000E+00
  0.000000E+00           NaN           NaN           NaN           NaN           NaN           NaN           NaN           NaN           NaN           NaN
  0.000000E+00  0.000000E+00  0.000000E+00  0.000000E+00  0.000000E+00  0.100000E+01  0.000000E+00  0.000000E+00  0.000000E+00  0.000000E+00
  0.000000E+00           NaN           NaN           NaN           NaN           NaN           NaN           NaN           NaN           NaN           NaN
  0.000000E+00  0.000000E+00  0.000000E+00  0.000000E+00  0.000000E+00  0.100000E+01  0.000000E+00  0.000000E+00  0.000000E+00  0.000000E+00
  0.000000E+00           NaN           NaN           NaN           NaN           NaN           NaN           NaN           NaN           NaN           NaN
  0.000000E+00  0.000000E+00  0.000000E+00  0.000000E+00  0.000000E+00  0.100000E+01  0.000000E+00  0.000000E+00  0.000000E+00  0.000000E+00
  0.000000E+00           NaN           NaN           NaN           NaN           NaN           NaN           NaN           NaN           NaN           NaN
  0.000000E+00  0.000000E+00  0.000000E+00  0.000000E+00  0.000000E+00  0.100000E+01  0.000000E+00  0.000000E+00  0.000000E+00  0.000000E+00
  0.000000E+00           NaN           NaN           NaN           NaN           NaN           NaN           NaN           NaN           NaN           NaN
  0.000000E+00  0.000000E+00  0.000000E+00  0.000000E+00  0.000000E+00  0.100000E+01  0.000000E+00  0.000000E+00  0.000000E+00  0.000000E+00
  0.000000E+00           NaN           NaN           NaN           NaN           NaN           NaN           NaN           NaN           NaN           NaN
  0.000000E+00  0.000000E+00  0.000000E+00  0.000000E+00  0.000000E+00  0.100000E+01  0.000000E+00  0.000000E+00  0.000000E+00  0.000000E+00
  0.000000E+00           NaN           NaN           NaN           NaN           NaN           NaN           NaN           NaN           NaN           NaN
  0.000000E+00  0.000000E+00  0.000000E+00  0.000000E+00  0.000000E+00  0.100000E+01  0.000000E+00  0.000000E+00  0.000000E+00  0.000000E+00
  0.000000E+00           NaN           NaN           NaN           NaN           NaN           NaN           NaN           NaN           NaN           NaN
  0.000000E+00  0.000000E+00  0.000000E+00  0.000000E+00  0.000000E+00  0.100000E+01  0.000000E+00  0.000000E+00  0.000000E+00  0.000000E+00
  0.000000E+00           NaN           NaN           NaN           NaN           NaN           NaN           NaN           NaN           NaN           NaN
  0.000000E+00  0.000000E+00  0.000000E+00  0.000000E+00  0.000000E+00  0.100000E+01  0.000000E+00  0.000000E+00  0.000000E+00  0.000000E+00
  0.000000E+00           NaN           NaN           NaN           NaN           NaN           NaN           NaN           NaN           NaN           NaN
  0.000000E+00  0.000000E+00  0.000000E+00  0.000000E+00  0.000000E+00  0.100000E+01  0.000000E+00  0.000000E+00  0.000000E+00  0.000000E+00
  0.000000E+00           NaN           NaN           NaN           NaN           NaN           NaN           NaN           NaN           NaN           NaN
  0.000000E+00  0.000000E+00  0.000000E+00  0.000000E+00  0.000000E+00  0.100000E+01  0.000000E+00  0.000000E+00  0.000000E+00  0.000000E+00
